0	6.91121e-310	6.95721e-310
0.01	6.96887e-310	7.02221e-310
0.02	6.96926e-310	7.58274e-312
0.03	6.96926e-310	7.58274e-312
0.04	6.96926e-310	7.58274e-312
0.05	6.96926e-310	7.58274e-312
0.06	6.96926e-310	7.58274e-312
0.07	6.96926e-310	7.58274e-312
0.08	6.96926e-310	7.58274e-312
0.09	6.96926e-310	7.58274e-312
0.1	6.96926e-310	7.58274e-312
0.11	6.96926e-310	7.58274e-312
0.12	6.96926e-310	7.58274e-312
0.13	6.96926e-310	7.58274e-312
0.14	6.96926e-310	7.58274e-312
0.15	6.96926e-310	7.58274e-312
0.16	6.96926e-310	7.58274e-312
0.17	6.96926e-310	7.58274e-312
0.18	6.96926e-310	7.58274e-312
0.19	6.96926e-310	7.58274e-312
0.2	6.96926e-310	7.58274e-312
0.21	6.96926e-310	7.58274e-312
0.22	6.96926e-310	7.58274e-312
0.23	6.96926e-310	7.58274e-312
0.24	6.96926e-310	7.58274e-312
0.25	6.96926e-310	7.58274e-312
0.26	6.96926e-310	7.58274e-312
0.27	6.96926e-310	7.58274e-312
0.28	6.96926e-310	7.58274e-312
0.29	6.96926e-310	7.58274e-312
0.3	6.96926e-310	7.58274e-312
0.31	6.96926e-310	7.58274e-312
0.32	6.96926e-310	7.58274e-312
0.33	6.96926e-310	7.58274e-312
0.34	6.96926e-310	7.58274e-312
0.35	6.96926e-310	7.58274e-312
0.36	6.96926e-310	7.58274e-312
0.37	6.96926e-310	7.58274e-312
0.38	6.96926e-310	7.58274e-312
0.39	6.96926e-310	7.58274e-312
0.4	6.96926e-310	7.58274e-312
0.41	6.96926e-310	7.58274e-312
0.42	6.96926e-310	7.58274e-312
0.43	6.96926e-310	7.58274e-312
0.44	6.96926e-310	7.58274e-312
0.45	6.96926e-310	7.58274e-312
0.46	6.96926e-310	7.58274e-312
0.47	6.96926e-310	7.58274e-312
0.48	6.96926e-310	7.58274e-312
0.49	6.96926e-310	7.58274e-312
0.5	6.96926e-310	7.58274e-312
0.51	6.96926e-310	7.58274e-312
0.52	6.96926e-310	7.58274e-312
0.53	6.96926e-310	7.58274e-312
0.54	6.96926e-310	7.58274e-312
0.55	6.96926e-310	7.58274e-312
0.56	6.96926e-310	7.58274e-312
0.57	6.96926e-310	7.58274e-312
0.58	6.96926e-310	7.58274e-312
0.59	6.96926e-310	7.58274e-312
0.6	6.96926e-310	7.58274e-312
0.61	6.96926e-310	7.58274e-312
0.62	6.96926e-310	7.58274e-312
0.63	6.96926e-310	7.58274e-312
0.64	6.96926e-310	7.58274e-312
0.65	6.96926e-310	7.58274e-312
0.66	6.96926e-310	7.58274e-312
0.67	6.96926e-310	7.58274e-312
0.68	6.96926e-310	7.58274e-312
0.69	6.96926e-310	7.58274e-312
0.7	6.96926e-310	7.58274e-312
0.71	6.96926e-310	7.58274e-312
0.72	6.96926e-310	7.58274e-312
0.73	6.96926e-310	7.58274e-312
0.74	6.96926e-310	7.58274e-312
0.75	6.96926e-310	7.58274e-312
0.76	6.96926e-310	7.58274e-312
0.77	6.96926e-310	7.58274e-312
0.78	6.96926e-310	7.58274e-312
0.79	6.96926e-310	7.58274e-312
0.8	6.96926e-310	7.58274e-312
0.81	6.96926e-310	7.58274e-312
0.82	6.96926e-310	7.58274e-312
0.83	6.96926e-310	7.58274e-312
0.84	6.96926e-310	7.58274e-312
0.85	6.96926e-310	7.58274e-312
0.86	6.96926e-310	7.58274e-312
0.87	6.96926e-310	7.58274e-312
0.88	6.96926e-310	7.58274e-312
0.89	6.96926e-310	7.58274e-312
0.9	6.96926e-310	7.58274e-312
0.91	6.96926e-310	7.58274e-312
0.92	6.96926e-310	7.58274e-312
0.93	6.96926e-310	7.58274e-312
0.94	6.96926e-310	7.58274e-312
0.95	6.96926e-310	7.58274e-312
0.96	6.96926e-310	7.58274e-312
0.97	6.96926e-310	7.58274e-312
0.98	6.96926e-310	7.58274e-312
0.99	6.96926e-310	7.58274e-312
1	6.96926e-310	7.58274e-312
1.01	6.96926e-310	7.58274e-312
1.02	6.96926e-310	7.58274e-312
1.03	6.96926e-310	7.58274e-312
1.04	6.96926e-310	7.58274e-312
1.05	6.96926e-310	7.58274e-312
1.06	6.96926e-310	7.58274e-312
1.07	6.96926e-310	7.58274e-312
1.08	6.96926e-310	7.58274e-312
1.09	6.96926e-310	7.58274e-312
1.1	6.96926e-310	7.58274e-312
1.11	6.96926e-310	7.58274e-312
1.12	6.96926e-310	7.58274e-312
1.13	6.96926e-310	7.58274e-312
1.14	6.96926e-310	7.58274e-312
1.15	6.96926e-310	7.58274e-312
1.16	6.96926e-310	7.58274e-312
1.17	6.96926e-310	7.58274e-312
1.18	6.96926e-310	7.58274e-312
1.19	6.96926e-310	7.58274e-312
1.2	6.96926e-310	7.58274e-312
1.21	6.96926e-310	7.58274e-312
1.22	6.96926e-310	7.58274e-312
1.23	6.96926e-310	7.58274e-312
1.24	6.96926e-310	7.58274e-312
1.25	6.96926e-310	7.58274e-312
1.26	6.96926e-310	7.58274e-312
1.27	6.96926e-310	7.58274e-312
1.28	6.96926e-310	7.58274e-312
1.29	6.96926e-310	7.58274e-312
1.3	6.96926e-310	7.58274e-312
1.31	6.96926e-310	7.58274e-312
1.32	6.96926e-310	7.58274e-312
1.33	6.96926e-310	7.58274e-312
1.34	6.96926e-310	7.58274e-312
1.35	6.96926e-310	7.58274e-312
1.36	6.96926e-310	7.58274e-312
1.37	6.96926e-310	7.58274e-312
1.38	6.96926e-310	7.58274e-312
1.39	6.96926e-310	7.58274e-312
1.4	6.96926e-310	7.58274e-312
1.41	6.96926e-310	7.58274e-312
1.42	6.96926e-310	7.58274e-312
1.43	6.96926e-310	7.58274e-312
1.44	6.96926e-310	7.58274e-312
1.45	6.96926e-310	7.58274e-312
1.46	6.96926e-310	7.58274e-312
1.47	6.96926e-310	7.58274e-312
1.48	6.96926e-310	7.58274e-312
1.49	6.96926e-310	7.58274e-312
1.5	6.96926e-310	7.58274e-312
1.51	6.96926e-310	7.58274e-312
1.52	6.96926e-310	7.58274e-312
1.53	6.96926e-310	7.58274e-312
1.54	6.96926e-310	7.58274e-312
1.55	6.96926e-310	7.58274e-312
1.56	6.96926e-310	7.58274e-312
1.57	6.96926e-310	7.58274e-312
1.58	6.96926e-310	7.58274e-312
1.59	6.96926e-310	7.58274e-312
1.6	6.96926e-310	7.58274e-312
1.61	6.96926e-310	7.58274e-312
1.62	6.96926e-310	7.58274e-312
1.63	6.96926e-310	7.58274e-312
1.64	6.96926e-310	7.58274e-312
1.65	6.96926e-310	7.58274e-312
1.66	6.96926e-310	7.58274e-312
1.67	6.96926e-310	7.58274e-312
1.68	6.96926e-310	7.58274e-312
1.69	6.96926e-310	7.58274e-312
1.7	6.96926e-310	7.58274e-312
1.71	6.96926e-310	7.58274e-312
1.72	6.96926e-310	7.58274e-312
1.73	6.96926e-310	7.58274e-312
1.74	6.96926e-310	7.58274e-312
1.75	6.96926e-310	7.58274e-312
1.76	6.96926e-310	7.58274e-312
1.77	6.96926e-310	7.58274e-312
1.78	6.96926e-310	7.58274e-312
1.79	6.96926e-310	7.58274e-312
1.8	6.96926e-310	7.58274e-312
1.81	6.96926e-310	7.58274e-312
1.82	6.96926e-310	7.58274e-312
1.83	6.96926e-310	7.58274e-312
1.84	6.96926e-310	7.58274e-312
1.85	6.96926e-310	7.58274e-312
1.86	6.96926e-310	7.58274e-312
1.87	6.96926e-310	7.58274e-312
1.88	6.96926e-310	7.58274e-312
1.89	6.96926e-310	7.58274e-312
1.9	6.96926e-310	7.58274e-312
1.91	6.96926e-310	7.58274e-312
1.92	6.96926e-310	7.58274e-312
1.93	6.96926e-310	7.58274e-312
1.94	6.96926e-310	7.58274e-312
1.95	6.96926e-310	7.58274e-312
1.96	6.96926e-310	7.58274e-312
1.97	6.96926e-310	7.58274e-312
1.98	6.96926e-310	7.58274e-312
1.99	6.96926e-310	7.58274e-312
2	6.96926e-310	7.58274e-312
2.01	6.96926e-310	7.58274e-312
2.02	6.96926e-310	7.58274e-312
2.03	6.96926e-310	7.58274e-312
2.04	6.96926e-310	7.58274e-312
2.05	6.96926e-310	7.58274e-312
2.06	6.96926e-310	7.58274e-312
2.07	6.96926e-310	7.58274e-312
2.08	6.96926e-310	7.58274e-312
2.09	6.96926e-310	7.58274e-312
2.1	6.96926e-310	7.58274e-312
2.11	6.96926e-310	7.58274e-312
2.12	6.96926e-310	7.58274e-312
2.13	6.96926e-310	7.58274e-312
2.14	6.96926e-310	7.58274e-312
2.15	6.96926e-310	7.58274e-312
2.16	6.96926e-310	7.58274e-312
2.17	6.96926e-310	7.58274e-312
2.18	6.96926e-310	7.58274e-312
2.19	6.96926e-310	7.58274e-312
2.2	6.96926e-310	7.58274e-312
2.21	6.96926e-310	7.58274e-312
2.22	6.96926e-310	7.58274e-312
2.23	6.96926e-310	7.58274e-312
2.24	6.96926e-310	7.58274e-312
2.25	6.96926e-310	7.58274e-312
2.26	6.96926e-310	7.58274e-312
2.27	6.96926e-310	7.58274e-312
2.28	6.96926e-310	7.58274e-312
2.29	6.96926e-310	7.58274e-312
2.3	6.96926e-310	7.58274e-312
2.31	6.96926e-310	7.58274e-312
2.32	6.96926e-310	7.58274e-312
2.33	6.96926e-310	7.58274e-312
2.34	6.96926e-310	7.58274e-312
2.35	6.96926e-310	7.58274e-312
2.36	6.96926e-310	7.58274e-312
2.37	6.96926e-310	7.58274e-312
2.38	6.96926e-310	7.58274e-312
2.39	6.96926e-310	7.58274e-312
2.4	6.96926e-310	7.58274e-312
2.41	6.96926e-310	7.58274e-312
2.42	6.96926e-310	7.58274e-312
2.43	6.96926e-310	7.58274e-312
2.44	6.96926e-310	7.58274e-312
2.45	6.96926e-310	7.58274e-312
2.46	6.96926e-310	7.58274e-312
2.47	6.96926e-310	7.58274e-312
2.48	6.96926e-310	7.58274e-312
2.49	6.96926e-310	7.58274e-312
2.5	6.96926e-310	7.58274e-312
2.51	6.96926e-310	7.58274e-312
2.52	6.96926e-310	7.58274e-312
2.53	6.96926e-310	7.58274e-312
2.54	6.96926e-310	7.58274e-312
2.55	6.96926e-310	7.58274e-312
2.56	6.96926e-310	7.58274e-312
2.57	6.96926e-310	7.58274e-312
2.58	6.96926e-310	7.58274e-312
2.59	6.96926e-310	7.58274e-312
2.6	6.96926e-310	7.58274e-312
2.61	6.96926e-310	7.58274e-312
2.62	6.96926e-310	7.58274e-312
2.63	6.96926e-310	7.58274e-312
2.64	6.96926e-310	7.58274e-312
2.65	6.96926e-310	7.58274e-312
2.66	6.96926e-310	7.58274e-312
2.67	6.96926e-310	7.58274e-312
2.68	6.96926e-310	7.58274e-312
2.69	6.96926e-310	7.58274e-312
2.7	6.96926e-310	7.58274e-312
2.71	6.96926e-310	7.58274e-312
2.72	6.96926e-310	7.58274e-312
2.73	6.96926e-310	7.58274e-312
2.74	6.96926e-310	7.58274e-312
2.75	6.96926e-310	7.58274e-312
2.76	6.96926e-310	7.58274e-312
2.77	6.96926e-310	7.58274e-312
2.78	6.96926e-310	7.58274e-312
2.79	6.96926e-310	7.58274e-312
2.8	6.96926e-310	7.58274e-312
2.81	6.96926e-310	7.58274e-312
2.82	6.96926e-310	7.58274e-312
2.83	6.96926e-310	7.58274e-312
2.84	6.96926e-310	7.58274e-312
2.85	6.96926e-310	7.58274e-312
2.86	6.96926e-310	7.58274e-312
2.87	6.96926e-310	7.58274e-312
2.88	6.96926e-310	7.58274e-312
2.89	6.96926e-310	7.58274e-312
2.9	6.96926e-310	7.58274e-312
2.91	6.96926e-310	7.58274e-312
2.92	6.96926e-310	7.58274e-312
2.93	6.96926e-310	7.58274e-312
2.94	6.96926e-310	7.58274e-312
2.95	6.96926e-310	7.58274e-312
2.96	6.96926e-310	7.58274e-312
2.97	6.96926e-310	7.58274e-312
2.98	6.96926e-310	7.58274e-312
2.99	6.96926e-310	7.58274e-312
3	6.96926e-310	7.58274e-312
3.01	6.96926e-310	7.58274e-312
3.02	6.96926e-310	7.58274e-312
3.03	6.96926e-310	7.58274e-312
3.04	6.96926e-310	7.58274e-312
3.05	6.96926e-310	7.58274e-312
3.06	6.96926e-310	7.58274e-312
3.07	6.96926e-310	7.58274e-312
3.08	6.96926e-310	7.58274e-312
3.09	6.96926e-310	7.58274e-312
3.1	6.96926e-310	7.58274e-312
3.11	6.96926e-310	7.58274e-312
3.12	6.96926e-310	7.58274e-312
3.13	6.96926e-310	7.58274e-312
3.14	6.96926e-310	7.58274e-312
3.15	6.96926e-310	7.58274e-312
3.16	6.96926e-310	7.58274e-312
3.17	6.96926e-310	7.58274e-312
3.18	6.96926e-310	7.58274e-312
3.19	6.96926e-310	7.58274e-312
3.2	6.96926e-310	7.58274e-312
3.21	6.96926e-310	7.58274e-312
3.22	6.96926e-310	7.58274e-312
3.23	6.96926e-310	7.58274e-312
3.24	6.96926e-310	7.58274e-312
3.25	6.96926e-310	7.58274e-312
3.26	6.96926e-310	7.58274e-312
3.27	6.96926e-310	7.58274e-312
3.28	6.96926e-310	7.58274e-312
3.29	6.96926e-310	7.58274e-312
3.3	6.96926e-310	7.58274e-312
3.31	6.96926e-310	7.58274e-312
3.32	6.96926e-310	7.58274e-312
3.33	6.96926e-310	7.58274e-312
3.34	6.96926e-310	7.58274e-312
3.35	6.96926e-310	7.58274e-312
3.36	6.96926e-310	7.58274e-312
3.37	6.96926e-310	7.58274e-312
3.38	6.96926e-310	7.58274e-312
3.39	6.96926e-310	7.58274e-312
3.4	6.96926e-310	7.58274e-312
3.41	6.96926e-310	7.58274e-312
3.42	6.96926e-310	7.58274e-312
3.43	6.96926e-310	7.58274e-312
3.44	6.96926e-310	7.58274e-312
3.45	6.96926e-310	7.58274e-312
3.46	6.96926e-310	7.58274e-312
3.47	6.96926e-310	7.58274e-312
3.48	6.96926e-310	7.58274e-312
3.49	6.96926e-310	7.58274e-312
3.5	6.96926e-310	7.58274e-312
3.51	6.96926e-310	7.58274e-312
3.52	6.96926e-310	7.58274e-312
3.53	6.96926e-310	7.58274e-312
3.54	6.96926e-310	7.58274e-312
3.55	6.96926e-310	7.58274e-312
3.56	6.96926e-310	7.58274e-312
3.57	6.96926e-310	7.58274e-312
3.58	6.96926e-310	7.58274e-312
3.59	6.96926e-310	7.58274e-312
3.6	6.96926e-310	7.58274e-312
3.61	6.96926e-310	7.58274e-312
3.62	6.96926e-310	7.58274e-312
3.63	6.96926e-310	7.58274e-312
3.64	6.96926e-310	7.58274e-312
3.65	6.96926e-310	7.58274e-312
3.66	6.96926e-310	7.58274e-312
3.67	6.96926e-310	7.58274e-312
3.68	6.96926e-310	7.58274e-312
3.69	6.96926e-310	7.58274e-312
3.7	6.96926e-310	7.58274e-312
3.71	6.96926e-310	7.58274e-312
3.72	6.96926e-310	7.58274e-312
3.73	6.96926e-310	7.58274e-312
3.74	6.96926e-310	7.58274e-312
3.75	6.96926e-310	7.58274e-312
3.76	6.96926e-310	7.58274e-312
3.77	6.96926e-310	7.58274e-312
3.78	6.96926e-310	7.58274e-312
3.79	6.96926e-310	7.58274e-312
3.8	6.96926e-310	7.58274e-312
3.81	6.96926e-310	7.58274e-312
3.82	6.96926e-310	7.58274e-312
3.83	6.96926e-310	7.58274e-312
3.84	6.96926e-310	7.58274e-312
3.85	6.96926e-310	7.58274e-312
3.86	6.96926e-310	7.58274e-312
3.87	6.96926e-310	7.58274e-312
3.88	6.96926e-310	7.58274e-312
3.89	6.96926e-310	7.58274e-312
3.9	6.96926e-310	7.58274e-312
3.91	6.96926e-310	7.58274e-312
3.92	6.96926e-310	7.58274e-312
3.93	6.96926e-310	7.58274e-312
3.94	6.96926e-310	7.58274e-312
3.95	6.96926e-310	7.58274e-312
3.96	6.96926e-310	7.58274e-312
3.97	6.96926e-310	7.58274e-312
3.98	6.96926e-310	7.58274e-312
3.99	6.96926e-310	7.58274e-312
4	6.96926e-310	7.58274e-312
4.01	6.96926e-310	7.58274e-312
4.02	6.96926e-310	7.58274e-312
4.03	6.96926e-310	7.58274e-312
4.04	6.96926e-310	7.58274e-312
4.05	6.96926e-310	7.58274e-312
4.06	6.96926e-310	7.58274e-312
4.07	6.96926e-310	7.58274e-312
4.08	6.96926e-310	7.58274e-312
4.09	6.96926e-310	7.58274e-312
4.1	6.96926e-310	7.58274e-312
4.11	6.96926e-310	7.58274e-312
4.12	6.96926e-310	7.58274e-312
4.13	6.96926e-310	7.58274e-312
4.14	6.96926e-310	7.58274e-312
4.15	6.96926e-310	7.58274e-312
4.16	6.96926e-310	7.58274e-312
4.17	6.96926e-310	7.58274e-312
4.18	6.96926e-310	7.58274e-312
4.19	6.96926e-310	7.58274e-312
4.2	6.96926e-310	7.58274e-312
4.21	6.96926e-310	7.58274e-312
4.22	6.96926e-310	7.58274e-312
4.23	6.96926e-310	7.58274e-312
4.24	6.96926e-310	7.58274e-312
4.25	6.96926e-310	7.58274e-312
4.26	6.96926e-310	7.58274e-312
4.27	6.96926e-310	7.58274e-312
4.28	6.96926e-310	7.58274e-312
4.29	6.96926e-310	7.58274e-312
4.3	6.96926e-310	7.58274e-312
4.31	6.96926e-310	7.58274e-312
4.32	6.96926e-310	7.58274e-312
4.33	6.96926e-310	7.58274e-312
4.34	6.96926e-310	7.58274e-312
4.35	6.96926e-310	7.58274e-312
4.36	6.96926e-310	7.58274e-312
4.37	6.96926e-310	7.58274e-312
4.38	6.96926e-310	7.58274e-312
4.39	6.96926e-310	7.58274e-312
4.4	6.96926e-310	7.58274e-312
4.41	6.96926e-310	7.58274e-312
4.42	6.96926e-310	7.58274e-312
4.43	6.96926e-310	7.58274e-312
4.44	6.96926e-310	7.58274e-312
4.45	6.96926e-310	7.58274e-312
4.46	6.96926e-310	7.58274e-312
4.47	6.96926e-310	7.58274e-312
4.48	6.96926e-310	7.58274e-312
4.49	6.96926e-310	7.58274e-312
4.5	6.96926e-310	7.58274e-312
4.51	6.96926e-310	7.58274e-312
4.52	6.96926e-310	7.58274e-312
4.53	6.96926e-310	7.58274e-312
4.54	6.96926e-310	7.58274e-312
4.55	6.96926e-310	7.58274e-312
4.56	6.96926e-310	7.58274e-312
4.57	6.96926e-310	7.58274e-312
4.58	6.96926e-310	7.58274e-312
4.59	6.96926e-310	7.58274e-312
4.6	6.96926e-310	7.58274e-312
4.61	6.96926e-310	7.58274e-312
4.62	6.96926e-310	7.58274e-312
4.63	6.96926e-310	7.58274e-312
4.64	6.96926e-310	7.58274e-312
4.65	6.96926e-310	7.58274e-312
4.66	6.96926e-310	7.58274e-312
4.67	6.96926e-310	7.58274e-312
4.68	6.96926e-310	7.58274e-312
4.69	6.96926e-310	7.58274e-312
4.7	6.96926e-310	7.58274e-312
4.71	6.96926e-310	7.58274e-312
4.72	6.96926e-310	7.58274e-312
4.73	6.96926e-310	7.58274e-312
4.74	6.96926e-310	7.58274e-312
4.75	6.96926e-310	7.58274e-312
4.76	6.96926e-310	7.58274e-312
4.77	6.96926e-310	7.58274e-312
4.78	6.96926e-310	7.58274e-312
4.79	6.96926e-310	7.58274e-312
4.8	6.96926e-310	7.58274e-312
4.81	6.96926e-310	7.58274e-312
4.82	6.96926e-310	7.58274e-312
4.83	6.96926e-310	7.58274e-312
4.84	6.96926e-310	7.58274e-312
4.85	6.96926e-310	7.58274e-312
4.86	6.96926e-310	7.58274e-312
4.87	6.96926e-310	7.58274e-312
4.88	6.96926e-310	7.58274e-312
4.89	6.96926e-310	7.58274e-312
4.9	6.96926e-310	7.58274e-312
4.91	6.96926e-310	7.58274e-312
4.92	6.96926e-310	7.58274e-312
4.93	6.96926e-310	7.58274e-312
4.94	6.96926e-310	7.58274e-312
4.95	6.96926e-310	7.58274e-312
4.96	6.96926e-310	7.58274e-312
4.97	6.96926e-310	7.58274e-312
4.98	6.96926e-310	7.58274e-312
4.99	6.96926e-310	7.58274e-312
5	6.96926e-310	7.58274e-312
5.01	6.96926e-310	7.58274e-312
5.02	6.96926e-310	7.58274e-312
5.03	6.96926e-310	7.58274e-312
5.04	6.96926e-310	7.58274e-312
5.05	6.96926e-310	7.58274e-312
5.06	6.96926e-310	7.58274e-312
5.07	6.96926e-310	7.58274e-312
5.08	6.96926e-310	7.58274e-312
5.09	6.96926e-310	7.58274e-312
5.1	6.96926e-310	7.58274e-312
5.11	6.96926e-310	7.58274e-312
5.12	6.96926e-310	7.58274e-312
5.13	6.96926e-310	7.58274e-312
5.14	6.96926e-310	7.58274e-312
5.15	6.96926e-310	7.58274e-312
5.16	6.96926e-310	7.58274e-312
5.17	6.96926e-310	7.58274e-312
5.18	6.96926e-310	7.58274e-312
5.19	6.96926e-310	7.58274e-312
5.2	6.96926e-310	7.58274e-312
5.21	6.96926e-310	7.58274e-312
5.22	6.96926e-310	7.58274e-312
5.23	6.96926e-310	7.58274e-312
5.24	6.96926e-310	7.58274e-312
5.25	6.96926e-310	7.58274e-312
5.26	6.96926e-310	7.58274e-312
5.27	6.96926e-310	7.58274e-312
5.28	6.96926e-310	7.58274e-312
5.29	6.96926e-310	7.58274e-312
5.3	6.96926e-310	7.58274e-312
5.31	6.96926e-310	7.58274e-312
5.32	6.96926e-310	7.58274e-312
5.33	6.96926e-310	7.58274e-312
5.34	6.96926e-310	7.58274e-312
5.35	6.96926e-310	7.58274e-312
5.36	6.96926e-310	7.58274e-312
5.37	6.96926e-310	7.58274e-312
5.38	6.96926e-310	7.58274e-312
5.39	6.96926e-310	7.58274e-312
5.4	6.96926e-310	7.58274e-312
5.41	6.96926e-310	7.58274e-312
5.42	6.96926e-310	7.58274e-312
5.43	6.96926e-310	7.58274e-312
5.44	6.96926e-310	7.58274e-312
5.45	6.96926e-310	7.58274e-312
5.46	6.96926e-310	7.58274e-312
5.47	6.96926e-310	7.58274e-312
5.48	6.96926e-310	7.58274e-312
5.49	6.96926e-310	7.58274e-312
5.5	6.96926e-310	7.58274e-312
5.51	6.96926e-310	7.58274e-312
5.52	6.96926e-310	7.58274e-312
5.53	6.96926e-310	7.58274e-312
5.54	6.96926e-310	7.58274e-312
5.55	6.96926e-310	7.58274e-312
5.56	6.96926e-310	7.58274e-312
5.57	6.96926e-310	7.58274e-312
5.58	6.96926e-310	7.58274e-312
5.59	6.96926e-310	7.58274e-312
5.6	6.96926e-310	7.58274e-312
5.61	6.96926e-310	7.58274e-312
5.62	6.96926e-310	7.58274e-312
5.63	6.96926e-310	7.58274e-312
5.64	6.96926e-310	7.58274e-312
5.65	6.96926e-310	7.58274e-312
5.66	6.96926e-310	7.58274e-312
5.67	6.96926e-310	7.58274e-312
5.68	6.96926e-310	7.58274e-312
5.69	6.96926e-310	7.58274e-312
5.7	6.96926e-310	7.58274e-312
5.71	6.96926e-310	7.58274e-312
5.72	6.96926e-310	7.58274e-312
5.73	6.96926e-310	7.58274e-312
5.74	6.96926e-310	7.58274e-312
5.75	6.96926e-310	7.58274e-312
5.76	6.96926e-310	7.58274e-312
5.77	6.96926e-310	7.58274e-312
5.78	6.96926e-310	7.58274e-312
5.79	6.96926e-310	7.58274e-312
5.8	6.96926e-310	7.58274e-312
5.81	6.96926e-310	7.58274e-312
5.82	6.96926e-310	7.58274e-312
5.83	6.96926e-310	7.58274e-312
5.84	6.96926e-310	7.58274e-312
5.85	6.96926e-310	7.58274e-312
5.86	6.96926e-310	7.58274e-312
5.87	6.96926e-310	7.58274e-312
5.88	6.96926e-310	7.58274e-312
5.89	6.96926e-310	7.58274e-312
5.9	6.96926e-310	7.58274e-312
5.91	6.96926e-310	7.58274e-312
5.92	6.96926e-310	7.58274e-312
5.93	6.96926e-310	7.58274e-312
5.94	6.96926e-310	7.58274e-312
5.95	6.96926e-310	7.58274e-312
5.96	6.96926e-310	7.58274e-312
5.97	6.96926e-310	7.58274e-312
5.98	6.96926e-310	7.58274e-312
5.99	6.96926e-310	7.58274e-312
6	6.96926e-310	7.58274e-312
6.01	6.96926e-310	7.58274e-312
6.02	6.96926e-310	7.58274e-312
6.03	6.96926e-310	7.58274e-312
6.04	6.96926e-310	7.58274e-312
6.05	6.96926e-310	7.58274e-312
6.06	6.96926e-310	7.58274e-312
6.07	6.96926e-310	7.58274e-312
6.08	6.96926e-310	7.58274e-312
6.09	6.96926e-310	7.58274e-312
6.1	6.96926e-310	7.58274e-312
6.11	6.96926e-310	7.58274e-312
6.12	6.96926e-310	7.58274e-312
6.13	6.96926e-310	7.58274e-312
6.14	6.96926e-310	7.58274e-312
6.15	6.96926e-310	7.58274e-312
6.16	6.96926e-310	7.58274e-312
6.17	6.96926e-310	7.58274e-312
6.18	6.96926e-310	7.58274e-312
6.19	6.96926e-310	7.58274e-312
6.2	6.96926e-310	7.58274e-312
6.21	6.96926e-310	7.58274e-312
6.22	6.96926e-310	7.58274e-312
6.23	6.96926e-310	7.58274e-312
6.24	6.96926e-310	7.58274e-312
6.25	6.96926e-310	7.58274e-312
6.26	6.96926e-310	7.58274e-312
6.27	6.96926e-310	7.58274e-312
6.28	6.96926e-310	7.58274e-312
6.29	6.96926e-310	7.58274e-312
6.3	6.96926e-310	7.58274e-312
6.31	6.96926e-310	7.58274e-312
6.32	6.96926e-310	7.58274e-312
6.33	6.96926e-310	7.58274e-312
6.34	6.96926e-310	7.58274e-312
6.35	6.96926e-310	7.58274e-312
6.36	6.96926e-310	7.58274e-312
6.37	6.96926e-310	7.58274e-312
6.38	6.96926e-310	7.58274e-312
6.39	6.96926e-310	7.58274e-312
6.4	6.96926e-310	7.58274e-312
6.41	6.96926e-310	7.58274e-312
6.42	6.96926e-310	7.58274e-312
6.43	6.96926e-310	7.58274e-312
6.44	6.96926e-310	7.58274e-312
6.45	6.96926e-310	7.58274e-312
6.46	6.96926e-310	7.58274e-312
6.47	6.96926e-310	7.58274e-312
6.48	6.96926e-310	7.58274e-312
6.49	6.96926e-310	7.58274e-312
6.5	6.96926e-310	7.58274e-312
6.51	6.96926e-310	7.58274e-312
6.52	6.96926e-310	7.58274e-312
6.53	6.96926e-310	7.58274e-312
6.54	6.96926e-310	7.58274e-312
6.55	6.96926e-310	7.58274e-312
6.56	6.96926e-310	7.58274e-312
6.57	6.96926e-310	7.58274e-312
6.58	6.96926e-310	7.58274e-312
6.59	6.96926e-310	7.58274e-312
6.6	6.96926e-310	7.58274e-312
6.61	6.96926e-310	7.58274e-312
6.62	6.96926e-310	7.58274e-312
6.63	6.96926e-310	7.58274e-312
6.64	6.96926e-310	7.58274e-312
6.65	6.96926e-310	7.58274e-312
6.66	6.96926e-310	7.58274e-312
6.67	6.96926e-310	7.58274e-312
6.68	6.96926e-310	7.58274e-312
6.69	6.96926e-310	7.58274e-312
6.7	6.96926e-310	7.58274e-312
6.71	6.96926e-310	7.58274e-312
6.72	6.96926e-310	7.58274e-312
6.73	6.96926e-310	7.58274e-312
6.74	6.96926e-310	7.58274e-312
6.75	6.96926e-310	7.58274e-312
6.76	6.96926e-310	7.58274e-312
6.77	6.96926e-310	7.58274e-312
6.78	6.96926e-310	7.58274e-312
6.79	6.96926e-310	7.58274e-312
6.8	6.96926e-310	7.58274e-312
6.81	6.96926e-310	7.58274e-312
6.82	6.96926e-310	7.58274e-312
6.83	6.96926e-310	7.58274e-312
6.84	6.96926e-310	7.58274e-312
6.85	6.96926e-310	7.58274e-312
6.86	6.96926e-310	7.58274e-312
6.87	6.96926e-310	7.58274e-312
6.88	6.96926e-310	7.58274e-312
6.89	6.96926e-310	7.58274e-312
6.9	6.96926e-310	7.58274e-312
6.91	6.96926e-310	7.58274e-312
6.92	6.96926e-310	7.58274e-312
6.93	6.96926e-310	7.58274e-312
6.94	6.96926e-310	7.58274e-312
6.95	6.96926e-310	7.58274e-312
6.96	6.96926e-310	7.58274e-312
6.97	6.96926e-310	7.58274e-312
6.98	6.96926e-310	7.58274e-312
6.99	6.96926e-310	7.58274e-312
7	6.96926e-310	7.58274e-312
7.01	6.96926e-310	7.58274e-312
7.02	6.96926e-310	7.58274e-312
7.03	6.96926e-310	7.58274e-312
7.04	6.96926e-310	7.58274e-312
7.05	6.96926e-310	7.58274e-312
7.06	6.96926e-310	7.58274e-312
7.07	6.96926e-310	7.58274e-312
7.08	6.96926e-310	7.58274e-312
7.09	6.96926e-310	7.58274e-312
7.1	6.96926e-310	7.58274e-312
7.11	6.96926e-310	7.58274e-312
7.12	6.96926e-310	7.58274e-312
7.13	6.96926e-310	7.58274e-312
7.14	6.96926e-310	7.58274e-312
7.15	6.96926e-310	7.58274e-312
7.16	6.96926e-310	7.58274e-312
7.17	6.96926e-310	7.58274e-312
7.18	6.96926e-310	7.58274e-312
7.19	6.96926e-310	7.58274e-312
7.2	6.96926e-310	7.58274e-312
7.21	6.96926e-310	7.58274e-312
7.22	6.96926e-310	7.58274e-312
7.23	6.96926e-310	7.58274e-312
7.24	6.96926e-310	7.58274e-312
7.25	6.96926e-310	7.58274e-312
7.26	6.96926e-310	7.58274e-312
7.27	6.96926e-310	7.58274e-312
7.28	6.96926e-310	7.58274e-312
7.29	6.96926e-310	7.58274e-312
7.3	6.96926e-310	7.58274e-312
7.31	6.96926e-310	7.58274e-312
7.32	6.96926e-310	7.58274e-312
7.33	6.96926e-310	7.58274e-312
7.34	6.96926e-310	7.58274e-312
7.35	6.96926e-310	7.58274e-312
7.36	6.96926e-310	7.58274e-312
7.37	6.96926e-310	7.58274e-312
7.38	6.96926e-310	7.58274e-312
7.39	6.96926e-310	7.58274e-312
7.4	6.96926e-310	7.58274e-312
7.41	6.96926e-310	7.58274e-312
7.42	6.96926e-310	7.58274e-312
7.43	6.96926e-310	7.58274e-312
7.44	6.96926e-310	7.58274e-312
7.45	6.96926e-310	7.58274e-312
7.46	6.96926e-310	7.58274e-312
7.47	6.96926e-310	7.58274e-312
7.48	6.96926e-310	7.58274e-312
7.49	6.96926e-310	7.58274e-312
7.5	6.96926e-310	7.58274e-312
7.51	6.96926e-310	7.58274e-312
7.52	6.96926e-310	7.58274e-312
7.53	6.96926e-310	7.58274e-312
7.54	6.96926e-310	7.58274e-312
7.55	6.96926e-310	7.58274e-312
7.56	6.96926e-310	7.58274e-312
7.57	6.96926e-310	7.58274e-312
7.58	6.96926e-310	7.58274e-312
7.59	6.96926e-310	7.58274e-312
7.6	6.96926e-310	7.58274e-312
7.61	6.96926e-310	7.58274e-312
7.62	6.96926e-310	7.58274e-312
7.63	6.96926e-310	7.58274e-312
7.64	6.96926e-310	7.58274e-312
7.65	6.96926e-310	7.58274e-312
7.66	6.96926e-310	7.58274e-312
7.67	6.96926e-310	7.58274e-312
7.68	6.96926e-310	7.58274e-312
7.69	6.96926e-310	7.58274e-312
7.7	6.96926e-310	7.58274e-312
7.71	6.96926e-310	7.58274e-312
7.72	6.96926e-310	7.58274e-312
7.73	6.96926e-310	7.58274e-312
7.74	6.96926e-310	7.58274e-312
7.75	6.96926e-310	7.58274e-312
7.76	6.96926e-310	7.58274e-312
7.77	6.96926e-310	7.58274e-312
7.78	6.96926e-310	7.58274e-312
7.79	6.96926e-310	7.58274e-312
7.8	6.96926e-310	7.58274e-312
7.81	6.96926e-310	7.58274e-312
7.82	6.96926e-310	7.58274e-312
7.83	6.96926e-310	7.58274e-312
7.84	6.96926e-310	7.58274e-312
7.85	6.96926e-310	7.58274e-312
7.86	6.96926e-310	7.58274e-312
7.87	6.96926e-310	7.58274e-312
7.88	6.96926e-310	7.58274e-312
7.89	6.96926e-310	7.58274e-312
7.9	6.96926e-310	7.58274e-312
7.91	6.96926e-310	7.58274e-312
7.92	6.96926e-310	7.58274e-312
7.93	6.96926e-310	7.58274e-312
7.94	6.96926e-310	7.58274e-312
7.95	6.96926e-310	7.58274e-312
7.96	6.96926e-310	7.58274e-312
7.97	6.96926e-310	7.58274e-312
7.98	6.96926e-310	7.58274e-312
7.99	6.96926e-310	7.58274e-312
8	6.96926e-310	7.58274e-312
8.01	6.96926e-310	7.58274e-312
8.02	6.96926e-310	7.58274e-312
8.03	6.96926e-310	7.58274e-312
8.04	6.96926e-310	7.58274e-312
8.05	6.96926e-310	7.58274e-312
8.06	6.96926e-310	7.58274e-312
8.07	6.96926e-310	7.58274e-312
8.08	6.96926e-310	7.58274e-312
8.09	6.96926e-310	7.58274e-312
8.1	6.96926e-310	7.58274e-312
8.11	6.96926e-310	7.58274e-312
8.12	6.96926e-310	7.58274e-312
8.13	6.96926e-310	7.58274e-312
8.14	6.96926e-310	7.58274e-312
8.15	6.96926e-310	7.58274e-312
8.16	6.96926e-310	7.58274e-312
8.17	6.96926e-310	7.58274e-312
8.18	6.96926e-310	7.58274e-312
8.19	6.96926e-310	7.58274e-312
8.2	6.96926e-310	7.58274e-312
8.21	6.96926e-310	7.58274e-312
8.22	6.96926e-310	7.58274e-312
8.23	6.96926e-310	7.58274e-312
8.24	6.96926e-310	7.58274e-312
8.25	6.96926e-310	7.58274e-312
8.26	6.96926e-310	7.58274e-312
8.27	6.96926e-310	7.58274e-312
8.28	6.96926e-310	7.58274e-312
8.29	6.96926e-310	7.58274e-312
8.3	6.96926e-310	7.58274e-312
8.31	6.96926e-310	7.58274e-312
8.32	6.96926e-310	7.58274e-312
8.33	6.96926e-310	7.58274e-312
8.34	6.96926e-310	7.58274e-312
8.35	6.96926e-310	7.58274e-312
8.36	6.96926e-310	7.58274e-312
8.37	6.96926e-310	7.58274e-312
8.38	6.96926e-310	7.58274e-312
8.39	6.96926e-310	7.58274e-312
8.4	6.96926e-310	7.58274e-312
8.41	6.96926e-310	7.58274e-312
8.42	6.96926e-310	7.58274e-312
8.43	6.96926e-310	7.58274e-312
8.44	6.96926e-310	7.58274e-312
8.45	6.96926e-310	7.58274e-312
8.46	6.96926e-310	7.58274e-312
8.47	6.96926e-310	7.58274e-312
8.48	6.96926e-310	7.58274e-312
8.49	6.96926e-310	7.58274e-312
8.5	6.96926e-310	7.58274e-312
8.51	6.96926e-310	7.58274e-312
8.52	6.96926e-310	7.58274e-312
8.53	6.96926e-310	7.58274e-312
8.54	6.96926e-310	7.58274e-312
8.55	6.96926e-310	7.58274e-312
8.56	6.96926e-310	7.58274e-312
8.57	6.96926e-310	7.58274e-312
8.58	6.96926e-310	7.58274e-312
8.59	6.96926e-310	7.58274e-312
8.6	6.96926e-310	7.58274e-312
8.61	6.96926e-310	7.58274e-312
8.62	6.96926e-310	7.58274e-312
8.63	6.96926e-310	7.58274e-312
8.64	6.96926e-310	7.58274e-312
8.65	6.96926e-310	7.58274e-312
8.66	6.96926e-310	7.58274e-312
8.67	6.96926e-310	7.58274e-312
8.68	6.96926e-310	7.58274e-312
8.69	6.96926e-310	7.58274e-312
8.7	6.96926e-310	7.58274e-312
8.71	6.96926e-310	7.58274e-312
8.72	6.96926e-310	7.58274e-312
8.73	6.96926e-310	7.58274e-312
8.74	6.96926e-310	7.58274e-312
8.75	6.96926e-310	7.58274e-312
8.76	6.96926e-310	7.58274e-312
8.77	6.96926e-310	7.58274e-312
8.78	6.96926e-310	7.58274e-312
8.79	6.96926e-310	7.58274e-312
8.8	6.96926e-310	7.58274e-312
8.81	6.96926e-310	7.58274e-312
8.82	6.96926e-310	7.58274e-312
8.83	6.96926e-310	7.58274e-312
8.84	6.96926e-310	7.58274e-312
8.85	6.96926e-310	7.58274e-312
8.86	6.96926e-310	7.58274e-312
8.87	6.96926e-310	7.58274e-312
8.88	6.96926e-310	7.58274e-312
8.89	6.96926e-310	7.58274e-312
8.9	6.96926e-310	7.58274e-312
8.91	6.96926e-310	7.58274e-312
8.92	6.96926e-310	7.58274e-312
8.93	6.96926e-310	7.58274e-312
8.94	6.96926e-310	7.58274e-312
8.95	6.96926e-310	7.58274e-312
8.96	6.96926e-310	7.58274e-312
8.97	6.96926e-310	7.58274e-312
8.98	6.96926e-310	7.58274e-312
8.99	6.96926e-310	7.58274e-312
9	6.96926e-310	7.58274e-312
9.01	6.96926e-310	7.58274e-312
9.02	6.96926e-310	7.58274e-312
9.03	6.96926e-310	7.58274e-312
9.04	6.96926e-310	7.58274e-312
9.05	6.96926e-310	7.58274e-312
9.06	6.96926e-310	7.58274e-312
9.07	6.96926e-310	7.58274e-312
9.08	6.96926e-310	7.58274e-312
9.09	6.96926e-310	7.58274e-312
9.1	6.96926e-310	7.58274e-312
9.11	6.96926e-310	7.58274e-312
9.12	6.96926e-310	7.58274e-312
9.13	6.96926e-310	7.58274e-312
9.14	6.96926e-310	7.58274e-312
9.15	6.96926e-310	7.58274e-312
9.16	6.96926e-310	7.58274e-312
9.17	6.96926e-310	7.58274e-312
9.18	6.96926e-310	7.58274e-312
9.19	6.96926e-310	7.58274e-312
9.2	6.96926e-310	7.58274e-312
9.21	6.96926e-310	7.58274e-312
9.22	6.96926e-310	7.58274e-312
9.23	6.96926e-310	7.58274e-312
9.24	6.96926e-310	7.58274e-312
9.25	6.96926e-310	7.58274e-312
9.26	6.96926e-310	7.58274e-312
9.27	6.96926e-310	7.58274e-312
9.28	6.96926e-310	7.58274e-312
9.29	6.96926e-310	7.58274e-312
9.3	6.96926e-310	7.58274e-312
9.31	6.96926e-310	7.58274e-312
9.32	6.96926e-310	7.58274e-312
9.33	6.96926e-310	7.58274e-312
9.34	6.96926e-310	7.58274e-312
9.35	6.96926e-310	7.58274e-312
9.36	6.96926e-310	7.58274e-312
9.37	6.96926e-310	7.58274e-312
9.38	6.96926e-310	7.58274e-312
9.39	6.96926e-310	7.58274e-312
9.4	6.96926e-310	7.58274e-312
9.41	6.96926e-310	7.58274e-312
9.42	6.96926e-310	7.58274e-312
9.43	6.96926e-310	7.58274e-312
9.44	6.96926e-310	7.58274e-312
9.45	6.96926e-310	7.58274e-312
9.46	6.96926e-310	7.58274e-312
9.47	6.96926e-310	7.58274e-312
9.48	6.96926e-310	7.58274e-312
9.49	6.96926e-310	7.58274e-312
9.5	6.96926e-310	7.58274e-312
9.51	6.96926e-310	7.58274e-312
9.52	6.96926e-310	7.58274e-312
9.53	6.96926e-310	7.58274e-312
9.54	6.96926e-310	7.58274e-312
9.55	6.96926e-310	7.58274e-312
9.56	6.96926e-310	7.58274e-312
9.57	6.96926e-310	7.58274e-312
9.58	6.96926e-310	7.58274e-312
9.59	6.96926e-310	7.58274e-312
9.6	6.96926e-310	7.58274e-312
9.61	6.96926e-310	7.58274e-312
9.62	6.96926e-310	7.58274e-312
9.63	6.96926e-310	7.58274e-312
9.64	6.96926e-310	7.58274e-312
9.65	6.96926e-310	7.58274e-312
9.66	6.96926e-310	7.58274e-312
9.67	6.96926e-310	7.58274e-312
9.68	6.96926e-310	7.58274e-312
9.69	6.96926e-310	7.58274e-312
9.7	6.96926e-310	7.58274e-312
9.71	6.96926e-310	7.58274e-312
9.72	6.96926e-310	7.58274e-312
9.73	6.96926e-310	7.58274e-312
9.74	6.96926e-310	7.58274e-312
9.75	6.96926e-310	7.58274e-312
9.76	6.96926e-310	7.58274e-312
9.77	6.96926e-310	7.58274e-312
9.78	6.96926e-310	7.58274e-312
9.79	6.96926e-310	7.58274e-312
9.8	6.96926e-310	7.58274e-312
9.81	6.96926e-310	7.58274e-312
9.82	6.96926e-310	7.58274e-312
9.83	6.96926e-310	7.58274e-312
9.84	6.96926e-310	7.58274e-312
9.85	6.96926e-310	7.58274e-312
9.86	6.96926e-310	7.58274e-312
9.87	6.96926e-310	7.58274e-312
9.88	6.96926e-310	7.58274e-312
9.89	6.96926e-310	7.58274e-312
9.9	6.96926e-310	7.58274e-312
9.91	6.96926e-310	7.58274e-312
9.92	6.96926e-310	7.58274e-312
9.93	6.96926e-310	7.58274e-312
9.94	6.96926e-310	7.58274e-312
9.95	6.96926e-310	7.58274e-312
9.96	6.96926e-310	7.58274e-312
9.97	6.96926e-310	7.58274e-312
9.98	6.96926e-310	7.58274e-312
9.99	6.96926e-310	7.58274e-312
10	6.96926e-310	7.58274e-312
10.01	6.96926e-310	7.58274e-312
10.02	6.96926e-310	7.58274e-312
10.03	6.96926e-310	7.58274e-312
10.04	6.96926e-310	7.58274e-312
10.05	6.96926e-310	7.58274e-312
10.06	6.96926e-310	7.58274e-312
10.07	6.96926e-310	7.58274e-312
10.08	6.96926e-310	7.58274e-312
10.09	6.96926e-310	7.58274e-312
10.1	6.96926e-310	7.58274e-312
10.11	6.96926e-310	7.58274e-312
10.12	6.96926e-310	7.58274e-312
10.13	6.96926e-310	7.58274e-312
10.14	6.96926e-310	7.58274e-312
10.15	6.96926e-310	7.58274e-312
10.16	6.96926e-310	7.58274e-312
10.17	6.96926e-310	7.58274e-312
10.18	6.96926e-310	7.58274e-312
10.19	6.96926e-310	7.58274e-312
10.2	6.96926e-310	7.58274e-312
10.21	6.96926e-310	7.58274e-312
10.22	6.96926e-310	7.58274e-312
10.23	6.96926e-310	7.58274e-312
10.24	6.96926e-310	7.58274e-312
10.25	6.96926e-310	7.58274e-312
10.26	6.96926e-310	7.58274e-312
10.27	6.96926e-310	7.58274e-312
10.28	6.96926e-310	7.58274e-312
10.29	6.96926e-310	7.58274e-312
10.3	6.96926e-310	7.58274e-312
10.31	6.96926e-310	7.58274e-312
10.32	6.96926e-310	7.58274e-312
10.33	6.96926e-310	7.58274e-312
10.34	6.96926e-310	7.58274e-312
10.35	6.96926e-310	7.58274e-312
10.36	6.96926e-310	7.58274e-312
10.37	6.96926e-310	7.58274e-312
10.38	6.96926e-310	7.58274e-312
10.39	6.96926e-310	7.58274e-312
10.4	6.96926e-310	7.58274e-312
10.41	6.96926e-310	7.58274e-312
10.42	6.96926e-310	7.58274e-312
10.43	6.96926e-310	7.58274e-312
10.44	6.96926e-310	7.58274e-312
10.45	6.96926e-310	7.58274e-312
10.46	6.96926e-310	7.58274e-312
10.47	6.96926e-310	7.58274e-312
10.48	6.96926e-310	7.58274e-312
10.49	6.96926e-310	7.58274e-312
10.5	6.96926e-310	7.58274e-312
10.51	6.96926e-310	7.58274e-312
10.52	6.96926e-310	7.58274e-312
10.53	6.96926e-310	7.58274e-312
10.54	6.96926e-310	7.58274e-312
10.55	6.96926e-310	7.58274e-312
10.56	6.96926e-310	7.58274e-312
10.57	6.96926e-310	7.58274e-312
10.58	6.96926e-310	7.58274e-312
10.59	6.96926e-310	7.58274e-312
10.6	6.96926e-310	7.58274e-312
10.61	6.96926e-310	7.58274e-312
10.62	6.96926e-310	7.58274e-312
10.63	6.96926e-310	7.58274e-312
10.64	6.96926e-310	7.58274e-312
10.65	6.96926e-310	7.58274e-312
10.66	6.96926e-310	7.58274e-312
10.67	6.96926e-310	7.58274e-312
10.68	6.96926e-310	7.58274e-312
10.69	6.96926e-310	7.58274e-312
10.7	6.96926e-310	7.58274e-312
10.71	6.96926e-310	7.58274e-312
10.72	6.96926e-310	7.58274e-312
10.73	6.96926e-310	7.58274e-312
10.74	6.96926e-310	7.58274e-312
10.75	6.96926e-310	7.58274e-312
10.76	6.96926e-310	7.58274e-312
10.77	6.96926e-310	7.58274e-312
10.78	6.96926e-310	7.58274e-312
10.79	6.96926e-310	7.58274e-312
10.8	6.96926e-310	7.58274e-312
10.81	6.96926e-310	7.58274e-312
10.82	6.96926e-310	7.58274e-312
10.83	6.96926e-310	7.58274e-312
10.84	6.96926e-310	7.58274e-312
10.85	6.96926e-310	7.58274e-312
10.86	6.96926e-310	7.58274e-312
10.87	6.96926e-310	7.58274e-312
10.88	6.96926e-310	7.58274e-312
10.89	6.96926e-310	7.58274e-312
10.9	6.96926e-310	7.58274e-312
10.91	6.96926e-310	7.58274e-312
10.92	6.96926e-310	7.58274e-312
10.93	6.96926e-310	7.58274e-312
10.94	6.96926e-310	7.58274e-312
10.95	6.96926e-310	7.58274e-312
10.96	6.96926e-310	7.58274e-312
10.97	6.96926e-310	7.58274e-312
10.98	6.96926e-310	7.58274e-312
10.99	6.96926e-310	7.58274e-312
11	6.96926e-310	7.58274e-312
11.01	6.96926e-310	7.58274e-312
11.02	6.96926e-310	7.58274e-312
11.03	6.96926e-310	7.58274e-312
11.04	6.96926e-310	7.58274e-312
11.05	6.96926e-310	7.58274e-312
11.06	6.96926e-310	7.58274e-312
11.07	6.96926e-310	7.58274e-312
11.08	6.96926e-310	7.58274e-312
11.09	6.96926e-310	7.58274e-312
11.1	6.96926e-310	7.58274e-312
11.11	6.96926e-310	7.58274e-312
11.12	6.96926e-310	7.58274e-312
11.13	6.96926e-310	7.58274e-312
11.14	6.96926e-310	7.58274e-312
11.15	6.96926e-310	7.58274e-312
11.16	6.96926e-310	7.58274e-312
11.17	6.96926e-310	7.58274e-312
11.18	6.96926e-310	7.58274e-312
11.19	6.96926e-310	7.58274e-312
11.2	6.96926e-310	7.58274e-312
11.21	6.96926e-310	7.58274e-312
11.22	6.96926e-310	7.58274e-312
11.23	6.96926e-310	7.58274e-312
11.24	6.96926e-310	7.58274e-312
11.25	6.96926e-310	7.58274e-312
11.26	6.96926e-310	7.58274e-312
11.27	6.96926e-310	7.58274e-312
11.28	6.96926e-310	7.58274e-312
11.29	6.96926e-310	7.58274e-312
11.3	6.96926e-310	7.58274e-312
11.31	6.96926e-310	7.58274e-312
11.32	6.96926e-310	7.58274e-312
11.33	6.96926e-310	7.58274e-312
11.34	6.96926e-310	7.58274e-312
11.35	6.96926e-310	7.58274e-312
11.36	6.96926e-310	7.58274e-312
11.37	6.96926e-310	7.58274e-312
11.38	6.96926e-310	7.58274e-312
11.39	6.96926e-310	7.58274e-312
11.4	6.96926e-310	7.58274e-312
11.41	6.96926e-310	7.58274e-312
11.42	6.96926e-310	7.58274e-312
11.43	6.96926e-310	7.58274e-312
11.44	6.96926e-310	7.58274e-312
11.45	6.96926e-310	7.58274e-312
11.46	6.96926e-310	7.58274e-312
11.47	6.96926e-310	7.58274e-312
11.48	6.96926e-310	7.58274e-312
11.49	6.96926e-310	7.58274e-312
11.5	6.96926e-310	7.58274e-312
11.51	6.96926e-310	7.58274e-312
11.52	6.96926e-310	7.58274e-312
11.53	6.96926e-310	7.58274e-312
11.54	6.96926e-310	7.58274e-312
11.55	6.96926e-310	7.58274e-312
11.56	6.96926e-310	7.58274e-312
11.57	6.96926e-310	7.58274e-312
11.58	6.96926e-310	7.58274e-312
11.59	6.96926e-310	7.58274e-312
11.6	6.96926e-310	7.58274e-312
11.61	6.96926e-310	7.58274e-312
11.62	6.96926e-310	7.58274e-312
11.63	6.96926e-310	7.58274e-312
11.64	6.96926e-310	7.58274e-312
11.65	6.96926e-310	7.58274e-312
11.66	6.96926e-310	7.58274e-312
11.67	6.96926e-310	7.58274e-312
11.68	6.96926e-310	7.58274e-312
11.69	6.96926e-310	7.58274e-312
11.7	6.96926e-310	7.58274e-312
11.71	6.96926e-310	7.58274e-312
11.72	6.96926e-310	7.58274e-312
11.73	6.96926e-310	7.58274e-312
11.74	6.96926e-310	7.58274e-312
11.75	6.96926e-310	7.58274e-312
11.76	6.96926e-310	7.58274e-312
11.77	6.96926e-310	7.58274e-312
11.78	6.96926e-310	7.58274e-312
11.79	6.96926e-310	7.58274e-312
11.8	6.96926e-310	7.58274e-312
11.81	6.96926e-310	7.58274e-312
11.82	6.96926e-310	7.58274e-312
11.83	6.96926e-310	7.58274e-312
11.84	6.96926e-310	7.58274e-312
11.85	6.96926e-310	7.58274e-312
11.86	6.96926e-310	7.58274e-312
11.87	6.96926e-310	7.58274e-312
11.88	6.96926e-310	7.58274e-312
11.89	6.96926e-310	7.58274e-312
11.9	6.96926e-310	7.58274e-312
11.91	6.96926e-310	7.58274e-312
11.92	6.96926e-310	7.58274e-312
11.93	6.96926e-310	7.58274e-312
11.94	6.96926e-310	7.58274e-312
11.95	6.96926e-310	7.58274e-312
11.96	6.96926e-310	7.58274e-312
11.97	6.96926e-310	7.58274e-312
11.98	6.96926e-310	7.58274e-312
11.99	6.96926e-310	7.58274e-312
12	6.96926e-310	7.58274e-312
12.01	6.96926e-310	7.58274e-312
12.02	6.96926e-310	7.58274e-312
12.03	6.96926e-310	7.58274e-312
12.04	6.96926e-310	7.58274e-312
12.05	6.96926e-310	7.58274e-312
12.06	6.96926e-310	7.58274e-312
12.07	6.96926e-310	7.58274e-312
12.08	6.96926e-310	7.58274e-312
12.09	6.96926e-310	7.58274e-312
12.1	6.96926e-310	7.58274e-312
12.11	6.96926e-310	7.58274e-312
12.12	6.96926e-310	7.58274e-312
12.13	6.96926e-310	7.58274e-312
12.14	6.96926e-310	7.58274e-312
12.15	6.96926e-310	7.58274e-312
12.16	6.96926e-310	7.58274e-312
12.17	6.96926e-310	7.58274e-312
12.18	6.96926e-310	7.58274e-312
12.19	6.96926e-310	7.58274e-312
12.2	6.96926e-310	7.58274e-312
12.21	6.96926e-310	7.58274e-312
12.22	6.96926e-310	7.58274e-312
12.23	6.96926e-310	7.58274e-312
12.24	6.96926e-310	7.58274e-312
12.25	6.96926e-310	7.58274e-312
12.26	6.96926e-310	7.58274e-312
12.27	6.96926e-310	7.58274e-312
12.28	6.96926e-310	7.58274e-312
12.29	6.96926e-310	7.58274e-312
12.3	6.96926e-310	7.58274e-312
12.31	6.96926e-310	7.58274e-312
12.32	6.96926e-310	7.58274e-312
12.33	6.96926e-310	7.58274e-312
12.34	6.96926e-310	7.58274e-312
12.35	6.96926e-310	7.58274e-312
12.36	6.96926e-310	7.58274e-312
12.37	6.96926e-310	7.58274e-312
12.38	6.96926e-310	7.58274e-312
12.39	6.96926e-310	7.58274e-312
12.4	6.96926e-310	7.58274e-312
12.41	6.96926e-310	7.58274e-312
12.42	6.96926e-310	7.58274e-312
12.43	6.96926e-310	7.58274e-312
12.44	6.96926e-310	7.58274e-312
12.45	6.96926e-310	7.58274e-312
12.46	6.96926e-310	7.58274e-312
12.47	6.96926e-310	7.58274e-312
12.48	6.96926e-310	7.58274e-312
12.49	6.96926e-310	7.58274e-312
12.5	6.96926e-310	7.58274e-312
12.51	6.96926e-310	7.58274e-312
12.52	6.96926e-310	7.58274e-312
12.53	6.96926e-310	7.58274e-312
12.54	6.96926e-310	7.58274e-312
12.55	6.96926e-310	7.58274e-312
12.56	6.96926e-310	7.58274e-312
12.57	6.96926e-310	7.58274e-312
12.58	6.96926e-310	7.58274e-312
12.59	6.96926e-310	7.58274e-312
12.6	6.96926e-310	7.58274e-312
12.61	6.96926e-310	7.58274e-312
12.62	6.96926e-310	7.58274e-312
12.63	6.96926e-310	7.58274e-312
12.64	6.96926e-310	7.58274e-312
12.65	6.96926e-310	7.58274e-312
12.66	6.96926e-310	7.58274e-312
12.67	6.96926e-310	7.58274e-312
12.68	6.96926e-310	7.58274e-312
12.69	6.96926e-310	7.58274e-312
12.7	6.96926e-310	7.58274e-312
12.71	6.96926e-310	7.58274e-312
12.72	6.96926e-310	7.58274e-312
12.73	6.96926e-310	7.58274e-312
12.74	6.96926e-310	7.58274e-312
12.75	6.96926e-310	7.58274e-312
12.76	6.96926e-310	7.58274e-312
12.77	6.96926e-310	7.58274e-312
12.78	6.96926e-310	7.58274e-312
12.79	6.96926e-310	7.58274e-312
12.8	6.96926e-310	7.58274e-312
12.81	6.96926e-310	7.58274e-312
12.82	6.96926e-310	7.58274e-312
12.83	6.96926e-310	7.58274e-312
12.84	6.96926e-310	7.58274e-312
12.85	6.96926e-310	7.58274e-312
12.86	6.96926e-310	7.58274e-312
12.87	6.96926e-310	7.58274e-312
12.88	6.96926e-310	7.58274e-312
12.89	6.96926e-310	7.58274e-312
12.9	6.96926e-310	7.58274e-312
12.91	6.96926e-310	7.58274e-312
12.92	6.96926e-310	7.58274e-312
12.93	6.96926e-310	7.58274e-312
12.94	6.96926e-310	7.58274e-312
12.95	6.96926e-310	7.58274e-312
12.96	6.96926e-310	7.58274e-312
12.97	6.96926e-310	7.58274e-312
12.98	6.96926e-310	7.58274e-312
12.99	6.96926e-310	7.58274e-312
13	6.96926e-310	7.58274e-312
13.01	6.96926e-310	7.58274e-312
13.02	6.96926e-310	7.58274e-312
13.03	6.96926e-310	7.58274e-312
13.04	6.96926e-310	7.58274e-312
13.05	6.96926e-310	7.58274e-312
13.06	6.96926e-310	7.58274e-312
13.07	6.96926e-310	7.58274e-312
13.08	6.96926e-310	7.58274e-312
13.09	6.96926e-310	7.58274e-312
13.1	6.96926e-310	7.58274e-312
13.11	6.96926e-310	7.58274e-312
13.12	6.96926e-310	7.58274e-312
13.13	6.96926e-310	7.58274e-312
13.14	6.96926e-310	7.58274e-312
13.15	6.96926e-310	7.58274e-312
13.16	6.96926e-310	7.58274e-312
13.17	6.96926e-310	7.58274e-312
13.18	6.96926e-310	7.58274e-312
13.19	6.96926e-310	7.58274e-312
13.2	6.96926e-310	7.58274e-312
13.21	6.96926e-310	7.58274e-312
13.22	6.96926e-310	7.58274e-312
13.23	6.96926e-310	7.58274e-312
13.24	6.96926e-310	7.58274e-312
13.25	6.96926e-310	7.58274e-312
13.26	6.96926e-310	7.58274e-312
13.27	6.96926e-310	7.58274e-312
13.28	6.96926e-310	7.58274e-312
13.29	6.96926e-310	7.58274e-312
13.3	6.96926e-310	7.58274e-312
13.31	6.96926e-310	7.58274e-312
13.32	6.96926e-310	7.58274e-312
13.33	6.96926e-310	7.58274e-312
13.34	6.96926e-310	7.58274e-312
13.35	6.96926e-310	7.58274e-312
13.36	6.96926e-310	7.58274e-312
13.37	6.96926e-310	7.58274e-312
13.38	6.96926e-310	7.58274e-312
13.39	6.96926e-310	7.58274e-312
13.4	6.96926e-310	7.58274e-312
13.41	6.96926e-310	7.58274e-312
13.42	6.96926e-310	7.58274e-312
13.43	6.96926e-310	7.58274e-312
13.44	6.96926e-310	7.58274e-312
13.45	6.96926e-310	7.58274e-312
13.46	6.96926e-310	7.58274e-312
13.47	6.96926e-310	7.58274e-312
13.48	6.96926e-310	7.58274e-312
13.49	6.96926e-310	7.58274e-312
13.5	6.96926e-310	7.58274e-312
13.51	6.96926e-310	7.58274e-312
13.52	6.96926e-310	7.58274e-312
13.53	6.96926e-310	7.58274e-312
13.54	6.96926e-310	7.58274e-312
13.55	6.96926e-310	7.58274e-312
13.56	6.96926e-310	7.58274e-312
13.57	6.96926e-310	7.58274e-312
13.58	6.96926e-310	7.58274e-312
13.59	6.96926e-310	7.58274e-312
13.6	6.96926e-310	7.58274e-312
13.61	6.96926e-310	7.58274e-312
13.62	6.96926e-310	7.58274e-312
13.63	6.96926e-310	7.58274e-312
13.64	6.96926e-310	7.58274e-312
13.65	6.96926e-310	7.58274e-312
13.66	6.96926e-310	7.58274e-312
13.67	6.96926e-310	7.58274e-312
13.68	6.96926e-310	7.58274e-312
13.69	6.96926e-310	7.58274e-312
13.7	6.96926e-310	7.58274e-312
13.71	6.96926e-310	7.58274e-312
13.72	6.96926e-310	7.58274e-312
13.73	6.96926e-310	7.58274e-312
13.74	6.96926e-310	7.58274e-312
13.75	6.96926e-310	7.58274e-312
13.76	6.96926e-310	7.58274e-312
13.77	6.96926e-310	7.58274e-312
13.78	6.96926e-310	7.58274e-312
13.79	6.96926e-310	7.58274e-312
13.8	6.96926e-310	7.58274e-312
13.81	6.96926e-310	7.58274e-312
13.82	6.96926e-310	7.58274e-312
13.83	6.96926e-310	7.58274e-312
13.84	6.96926e-310	7.58274e-312
13.85	6.96926e-310	7.58274e-312
13.86	6.96926e-310	7.58274e-312
13.87	6.96926e-310	7.58274e-312
13.88	6.96926e-310	7.58274e-312
13.89	6.96926e-310	7.58274e-312
13.9	6.96926e-310	7.58274e-312
13.91	6.96926e-310	7.58274e-312
13.92	6.96926e-310	7.58274e-312
13.93	6.96926e-310	7.58274e-312
13.94	6.96926e-310	7.58274e-312
13.95	6.96926e-310	7.58274e-312
13.96	6.96926e-310	7.58274e-312
13.97	6.96926e-310	7.58274e-312
13.98	6.96926e-310	7.58274e-312
13.99	6.96926e-310	7.58274e-312
14	6.96926e-310	7.58274e-312
14.01	6.96926e-310	7.58274e-312
14.02	6.96926e-310	7.58274e-312
14.03	6.96926e-310	7.58274e-312
14.04	6.96926e-310	7.58274e-312
14.05	6.96926e-310	7.58274e-312
14.06	6.96926e-310	7.58274e-312
14.07	6.96926e-310	7.58274e-312
14.08	6.96926e-310	7.58274e-312
14.09	6.96926e-310	7.58274e-312
14.1	6.96926e-310	7.58274e-312
14.11	6.96926e-310	7.58274e-312
14.12	6.96926e-310	7.58274e-312
14.13	6.96926e-310	7.58274e-312
14.14	6.96926e-310	7.58274e-312
14.15	6.96926e-310	7.58274e-312
14.16	6.96926e-310	7.58274e-312
14.17	6.96926e-310	7.58274e-312
14.18	6.96926e-310	7.58274e-312
14.19	6.96926e-310	7.58274e-312
14.2	6.96926e-310	7.58274e-312
14.21	6.96926e-310	7.58274e-312
14.22	6.96926e-310	7.58274e-312
14.23	6.96926e-310	7.58274e-312
14.24	6.96926e-310	7.58274e-312
14.25	6.96926e-310	7.58274e-312
14.26	6.96926e-310	7.58274e-312
14.27	6.96926e-310	7.58274e-312
14.28	6.96926e-310	7.58274e-312
14.29	6.96926e-310	7.58274e-312
14.3	6.96926e-310	7.58274e-312
14.31	6.96926e-310	7.58274e-312
14.32	6.96926e-310	7.58274e-312
14.33	6.96926e-310	7.58274e-312
14.34	6.96926e-310	7.58274e-312
14.35	6.96926e-310	7.58274e-312
14.36	6.96926e-310	7.58274e-312
14.37	6.96926e-310	7.58274e-312
14.38	6.96926e-310	7.58274e-312
14.39	6.96926e-310	7.58274e-312
14.4	6.96926e-310	7.58274e-312
14.41	6.96926e-310	7.58274e-312
14.42	6.96926e-310	7.58274e-312
14.43	6.96926e-310	7.58274e-312
14.44	6.96926e-310	7.58274e-312
14.45	6.96926e-310	7.58274e-312
14.46	6.96926e-310	7.58274e-312
14.47	6.96926e-310	7.58274e-312
14.48	6.96926e-310	7.58274e-312
14.49	6.96926e-310	7.58274e-312
14.5	6.96926e-310	7.58274e-312
14.51	6.96926e-310	7.58274e-312
14.52	6.96926e-310	7.58274e-312
14.53	6.96926e-310	7.58274e-312
14.54	6.96926e-310	7.58274e-312
14.55	6.96926e-310	7.58274e-312
14.56	6.96926e-310	7.58274e-312
14.57	6.96926e-310	7.58274e-312
14.58	6.96926e-310	7.58274e-312
14.59	6.96926e-310	7.58274e-312
14.6	6.96926e-310	7.58274e-312
14.61	6.96926e-310	7.58274e-312
14.62	6.96926e-310	7.58274e-312
14.63	6.96926e-310	7.58274e-312
14.64	6.96926e-310	7.58274e-312
14.65	6.96926e-310	7.58274e-312
14.66	6.96926e-310	7.58274e-312
14.67	6.96926e-310	7.58274e-312
14.68	6.96926e-310	7.58274e-312
14.69	6.96926e-310	7.58274e-312
14.7	6.96926e-310	7.58274e-312
14.71	6.96926e-310	7.58274e-312
14.72	6.96926e-310	7.58274e-312
14.73	6.96926e-310	7.58274e-312
14.74	6.96926e-310	7.58274e-312
14.75	6.96926e-310	7.58274e-312
14.76	6.96926e-310	7.58274e-312
14.77	6.96926e-310	7.58274e-312
14.78	6.96926e-310	7.58274e-312
14.79	6.96926e-310	7.58274e-312
14.8	6.96926e-310	7.58274e-312
14.81	6.96926e-310	7.58274e-312
14.82	6.96926e-310	7.58274e-312
14.83	6.96926e-310	7.58274e-312
14.84	6.96926e-310	7.58274e-312
14.85	6.96926e-310	7.58274e-312
14.86	6.96926e-310	7.58274e-312
14.87	6.96926e-310	7.58274e-312
14.88	6.96926e-310	7.58274e-312
14.89	6.96926e-310	7.58274e-312
14.9	6.96926e-310	7.58274e-312
14.91	6.96926e-310	7.58274e-312
14.92	6.96926e-310	7.58274e-312
14.93	6.96926e-310	7.58274e-312
14.94	6.96926e-310	7.58274e-312
14.95	6.96926e-310	7.58274e-312
14.96	6.96926e-310	7.58274e-312
14.97	6.96926e-310	7.58274e-312
14.98	6.96926e-310	7.58274e-312
14.99	6.96926e-310	7.58274e-312
15	6.96926e-310	7.58274e-312
15.01	6.96926e-310	7.58274e-312
15.02	6.96926e-310	7.58274e-312
15.03	6.96926e-310	7.58274e-312
15.04	6.96926e-310	7.58274e-312
15.05	6.96926e-310	7.58274e-312
15.06	6.96926e-310	7.58274e-312
15.07	6.96926e-310	7.58274e-312
15.08	6.96926e-310	7.58274e-312
15.09	6.96926e-310	7.58274e-312
15.1	6.96926e-310	7.58274e-312
15.11	6.96926e-310	7.58274e-312
15.12	6.96926e-310	7.58274e-312
15.13	6.96926e-310	7.58274e-312
15.14	6.96926e-310	7.58274e-312
15.15	6.96926e-310	7.58274e-312
15.16	6.96926e-310	7.58274e-312
15.17	6.96926e-310	7.58274e-312
15.18	6.96926e-310	7.58274e-312
15.19	6.96926e-310	7.58274e-312
15.2	6.96926e-310	7.58274e-312
15.21	6.96926e-310	7.58274e-312
15.22	6.96926e-310	7.58274e-312
15.23	6.96926e-310	7.58274e-312
15.24	6.96926e-310	7.58274e-312
15.25	6.96926e-310	7.58274e-312
15.26	6.96926e-310	7.58274e-312
15.27	6.96926e-310	7.58274e-312
15.28	6.96926e-310	7.58274e-312
15.29	6.96926e-310	7.58274e-312
15.3	6.96926e-310	7.58274e-312
15.31	6.96926e-310	7.58274e-312
15.32	6.96926e-310	7.58274e-312
15.33	6.96926e-310	7.58274e-312
15.34	6.96926e-310	7.58274e-312
15.35	6.96926e-310	7.58274e-312
15.36	6.96926e-310	7.58274e-312
15.37	6.96926e-310	7.58274e-312
15.38	6.96926e-310	7.58274e-312
15.39	6.96926e-310	7.58274e-312
15.4	6.96926e-310	7.58274e-312
15.41	6.96926e-310	7.58274e-312
15.42	6.96926e-310	7.58274e-312
15.43	6.96926e-310	7.58274e-312
15.44	6.96926e-310	7.58274e-312
15.45	6.96926e-310	7.58274e-312
15.46	6.96926e-310	7.58274e-312
15.47	6.96926e-310	7.58274e-312
15.48	6.96926e-310	7.58274e-312
15.49	6.96926e-310	7.58274e-312
15.5	6.96926e-310	7.58274e-312
15.51	6.96926e-310	7.58274e-312
15.52	6.96926e-310	7.58274e-312
15.53	6.96926e-310	7.58274e-312
15.54	6.96926e-310	7.58274e-312
15.55	6.96926e-310	7.58274e-312
15.56	6.96926e-310	7.58274e-312
15.57	6.96926e-310	7.58274e-312
15.58	6.96926e-310	7.58274e-312
15.59	6.96926e-310	7.58274e-312
15.6	6.96926e-310	7.58274e-312
15.61	6.96926e-310	7.58274e-312
15.62	6.96926e-310	7.58274e-312
15.63	6.96926e-310	7.58274e-312
15.64	6.96926e-310	7.58274e-312
15.65	6.96926e-310	7.58274e-312
15.66	6.96926e-310	7.58274e-312
15.67	6.96926e-310	7.58274e-312
15.68	6.96926e-310	7.58274e-312
15.69	6.96926e-310	7.58274e-312
15.7	6.96926e-310	7.58274e-312
15.71	6.96926e-310	7.58274e-312
15.72	6.96926e-310	7.58274e-312
15.73	6.96926e-310	7.58274e-312
15.74	6.96926e-310	7.58274e-312
15.75	6.96926e-310	7.58274e-312
15.76	6.96926e-310	7.58274e-312
15.77	6.96926e-310	7.58274e-312
15.78	6.96926e-310	7.58274e-312
15.79	6.96926e-310	7.58274e-312
15.8	6.96926e-310	7.58274e-312
15.81	6.96926e-310	7.58274e-312
15.82	6.96926e-310	7.58274e-312
15.83	6.96926e-310	7.58274e-312
15.84	6.96926e-310	7.58274e-312
15.85	6.96926e-310	7.58274e-312
15.86	6.96926e-310	7.58274e-312
15.87	6.96926e-310	7.58274e-312
15.88	6.96926e-310	7.58274e-312
15.89	6.96926e-310	7.58274e-312
15.9	6.96926e-310	7.58274e-312
15.91	6.96926e-310	7.58274e-312
15.92	6.96926e-310	7.58274e-312
15.93	6.96926e-310	7.58274e-312
15.94	6.96926e-310	7.58274e-312
15.95	6.96926e-310	7.58274e-312
15.96	6.96926e-310	7.58274e-312
15.97	6.96926e-310	7.58274e-312
15.98	6.96926e-310	7.58274e-312
15.99	6.96926e-310	7.58274e-312
16	6.96926e-310	7.58274e-312
16.01	6.96926e-310	7.58274e-312
16.02	6.96926e-310	7.58274e-312
16.03	6.96926e-310	7.58274e-312
16.04	6.96926e-310	7.58274e-312
16.05	6.96926e-310	7.58274e-312
16.06	6.96926e-310	7.58274e-312
16.07	6.96926e-310	7.58274e-312
16.08	6.96926e-310	7.58274e-312
16.09	6.96926e-310	7.58274e-312
16.1	6.96926e-310	7.58274e-312
16.11	6.96926e-310	7.58274e-312
16.12	6.96926e-310	7.58274e-312
16.13	6.96926e-310	7.58274e-312
16.14	6.96926e-310	7.58274e-312
16.15	6.96926e-310	7.58274e-312
16.16	6.96926e-310	7.58274e-312
16.17	6.96926e-310	7.58274e-312
16.18	6.96926e-310	7.58274e-312
16.19	6.96926e-310	7.58274e-312
16.2	6.96926e-310	7.58274e-312
16.21	6.96926e-310	7.58274e-312
16.22	6.96926e-310	7.58274e-312
16.23	6.96926e-310	7.58274e-312
16.24	6.96926e-310	7.58274e-312
16.25	6.96926e-310	7.58274e-312
16.26	6.96926e-310	7.58274e-312
16.27	6.96926e-310	7.58274e-312
16.28	6.96926e-310	7.58274e-312
16.29	6.96926e-310	7.58274e-312
16.3	6.96926e-310	7.58274e-312
16.31	6.96926e-310	7.58274e-312
16.32	6.96926e-310	7.58274e-312
16.33	6.96926e-310	7.58274e-312
16.34	6.96926e-310	7.58274e-312
16.35	6.96926e-310	7.58274e-312
16.36	6.96926e-310	7.58274e-312
16.37	6.96926e-310	7.58274e-312
16.38	6.96926e-310	7.58274e-312
16.39	6.96926e-310	7.58274e-312
16.4	6.96926e-310	7.58274e-312
16.41	6.96926e-310	7.58274e-312
16.42	6.96926e-310	7.58274e-312
16.43	6.96926e-310	7.58274e-312
16.44	6.96926e-310	7.58274e-312
16.45	6.96926e-310	7.58274e-312
16.46	6.96926e-310	7.58274e-312
16.47	6.96926e-310	7.58274e-312
16.48	6.96926e-310	7.58274e-312
16.49	6.96926e-310	7.58274e-312
16.5	6.96926e-310	7.58274e-312
16.51	6.96926e-310	7.58274e-312
16.52	6.96926e-310	7.58274e-312
16.53	6.96926e-310	7.58274e-312
16.54	6.96926e-310	7.58274e-312
16.55	6.96926e-310	7.58274e-312
16.56	6.96926e-310	7.58274e-312
16.57	6.96926e-310	7.58274e-312
16.58	6.96926e-310	7.58274e-312
16.59	6.96926e-310	7.58274e-312
16.6	6.96926e-310	7.58274e-312
16.61	6.96926e-310	7.58274e-312
16.62	6.96926e-310	7.58274e-312
16.63	6.96926e-310	7.58274e-312
16.64	6.96926e-310	7.58274e-312
16.65	6.96926e-310	7.58274e-312
16.66	6.96926e-310	7.58274e-312
16.67	6.96926e-310	7.58274e-312
16.68	6.96926e-310	7.58274e-312
16.69	6.96926e-310	7.58274e-312
16.7	6.96926e-310	7.58274e-312
16.71	6.96926e-310	7.58274e-312
16.72	6.96926e-310	7.58274e-312
16.73	6.96926e-310	7.58274e-312
16.74	6.96926e-310	7.58274e-312
16.75	6.96926e-310	7.58274e-312
16.76	6.96926e-310	7.58274e-312
16.77	6.96926e-310	7.58274e-312
16.78	6.96926e-310	7.58274e-312
16.79	6.96926e-310	7.58274e-312
16.8	6.96926e-310	7.58274e-312
16.81	6.96926e-310	7.58274e-312
16.82	6.96926e-310	7.58274e-312
16.83	6.96926e-310	7.58274e-312
16.84	6.96926e-310	7.58274e-312
16.85	6.96926e-310	7.58274e-312
16.86	6.96926e-310	7.58274e-312
16.87	6.96926e-310	7.58274e-312
16.88	6.96926e-310	7.58274e-312
16.89	6.96926e-310	7.58274e-312
16.9	6.96926e-310	7.58274e-312
16.91	6.96926e-310	7.58274e-312
16.92	6.96926e-310	7.58274e-312
16.93	6.96926e-310	7.58274e-312
16.94	6.96926e-310	7.58274e-312
16.95	6.96926e-310	7.58274e-312
16.96	6.96926e-310	7.58274e-312
16.97	6.96926e-310	7.58274e-312
16.98	6.96926e-310	7.58274e-312
16.99	6.96926e-310	7.58274e-312
17	6.96926e-310	7.58274e-312
17.01	6.96926e-310	7.58274e-312
17.02	6.96926e-310	7.58274e-312
17.03	6.96926e-310	7.58274e-312
17.04	6.96926e-310	7.58274e-312
17.05	6.96926e-310	7.58274e-312
17.06	6.96926e-310	7.58274e-312
17.07	6.96926e-310	7.58274e-312
17.08	6.96926e-310	7.58274e-312
17.09	6.96926e-310	7.58274e-312
17.1	6.96926e-310	7.58274e-312
17.11	6.96926e-310	7.58274e-312
17.12	6.96926e-310	7.58274e-312
17.13	6.96926e-310	7.58274e-312
17.14	6.96926e-310	7.58274e-312
17.15	6.96926e-310	7.58274e-312
17.16	6.96926e-310	7.58274e-312
17.17	6.96926e-310	7.58274e-312
17.18	6.96926e-310	7.58274e-312
17.19	6.96926e-310	7.58274e-312
17.2	6.96926e-310	7.58274e-312
17.21	6.96926e-310	7.58274e-312
17.22	6.96926e-310	7.58274e-312
17.23	6.96926e-310	7.58274e-312
17.24	6.96926e-310	7.58274e-312
17.25	6.96926e-310	7.58274e-312
17.26	6.96926e-310	7.58274e-312
17.27	6.96926e-310	7.58274e-312
17.28	6.96926e-310	7.58274e-312
17.29	6.96926e-310	7.58274e-312
17.3	6.96926e-310	7.58274e-312
17.31	6.96926e-310	7.58274e-312
17.32	6.96926e-310	7.58274e-312
17.33	6.96926e-310	7.58274e-312
17.34	6.96926e-310	7.58274e-312
17.35	6.96926e-310	7.58274e-312
17.36	6.96926e-310	7.58274e-312
17.37	6.96926e-310	7.58274e-312
17.38	6.96926e-310	7.58274e-312
17.39	6.96926e-310	7.58274e-312
17.4	6.96926e-310	7.58274e-312
17.41	6.96926e-310	7.58274e-312
17.42	6.96926e-310	7.58274e-312
17.43	6.96926e-310	7.58274e-312
17.44	6.96926e-310	7.58274e-312
17.45	6.96926e-310	7.58274e-312
17.46	6.96926e-310	7.58274e-312
17.47	6.96926e-310	7.58274e-312
17.48	6.96926e-310	7.58274e-312
17.49	6.96926e-310	7.58274e-312
17.5	6.96926e-310	7.58274e-312
17.51	6.96926e-310	7.58274e-312
17.52	6.96926e-310	7.58274e-312
17.53	6.96926e-310	7.58274e-312
17.54	6.96926e-310	7.58274e-312
17.55	6.96926e-310	7.58274e-312
17.56	6.96926e-310	7.58274e-312
17.57	6.96926e-310	7.58274e-312
17.58	6.96926e-310	7.58274e-312
17.59	6.96926e-310	7.58274e-312
17.6	6.96926e-310	7.58274e-312
17.61	6.96926e-310	7.58274e-312
17.62	6.96926e-310	7.58274e-312
17.63	6.96926e-310	7.58274e-312
17.64	6.96926e-310	7.58274e-312
17.65	6.96926e-310	7.58274e-312
17.66	6.96926e-310	7.58274e-312
17.67	6.96926e-310	7.58274e-312
17.68	6.96926e-310	7.58274e-312
17.69	6.96926e-310	7.58274e-312
17.7	6.96926e-310	7.58274e-312
17.71	6.96926e-310	7.58274e-312
17.72	6.96926e-310	7.58274e-312
17.73	6.96926e-310	7.58274e-312
17.74	6.96926e-310	7.58274e-312
17.75	6.96926e-310	7.58274e-312
17.76	6.96926e-310	7.58274e-312
17.77	6.96926e-310	7.58274e-312
17.78	6.96926e-310	7.58274e-312
17.79	6.96926e-310	7.58274e-312
17.8	6.96926e-310	7.58274e-312
17.81	6.96926e-310	7.58274e-312
17.82	6.96926e-310	7.58274e-312
17.83	6.96926e-310	7.58274e-312
17.84	6.96926e-310	7.58274e-312
17.85	6.96926e-310	7.58274e-312
17.86	6.96926e-310	7.58274e-312
17.87	6.96926e-310	7.58274e-312
17.88	6.96926e-310	7.58274e-312
17.89	6.96926e-310	7.58274e-312
17.9	6.96926e-310	7.58274e-312
17.91	6.96926e-310	7.58274e-312
17.92	6.96926e-310	7.58274e-312
17.93	6.96926e-310	7.58274e-312
17.94	6.96926e-310	7.58274e-312
17.95	6.96926e-310	7.58274e-312
17.96	6.96926e-310	7.58274e-312
17.97	6.96926e-310	7.58274e-312
17.98	6.96926e-310	7.58274e-312
17.99	6.96926e-310	7.58274e-312
18	6.96926e-310	7.58274e-312
18.01	6.96926e-310	7.58274e-312
18.02	6.96926e-310	7.58274e-312
18.03	6.96926e-310	7.58274e-312
18.04	6.96926e-310	7.58274e-312
18.05	6.96926e-310	7.58274e-312
18.06	6.96926e-310	7.58274e-312
18.07	6.96926e-310	7.58274e-312
18.08	6.96926e-310	7.58274e-312
18.09	6.96926e-310	7.58274e-312
18.1	6.96926e-310	7.58274e-312
18.11	6.96926e-310	7.58274e-312
18.12	6.96926e-310	7.58274e-312
18.13	6.96926e-310	7.58274e-312
18.14	6.96926e-310	7.58274e-312
18.15	6.96926e-310	7.58274e-312
18.16	6.96926e-310	7.58274e-312
18.17	6.96926e-310	7.58274e-312
18.18	6.96926e-310	7.58274e-312
18.19	6.96926e-310	7.58274e-312
18.2	6.96926e-310	7.58274e-312
18.21	6.96926e-310	7.58274e-312
18.22	6.96926e-310	7.58274e-312
18.23	6.96926e-310	7.58274e-312
18.24	6.96926e-310	7.58274e-312
18.25	6.96926e-310	7.58274e-312
18.26	6.96926e-310	7.58274e-312
18.27	6.96926e-310	7.58274e-312
18.28	6.96926e-310	7.58274e-312
18.29	6.96926e-310	7.58274e-312
18.3	6.96926e-310	7.58274e-312
18.31	6.96926e-310	7.58274e-312
18.32	6.96926e-310	7.58274e-312
18.33	6.96926e-310	7.58274e-312
18.34	6.96926e-310	7.58274e-312
18.35	6.96926e-310	7.58274e-312
18.36	6.96926e-310	7.58274e-312
18.37	6.96926e-310	7.58274e-312
18.38	6.96926e-310	7.58274e-312
18.39	6.96926e-310	7.58274e-312
18.4	6.96926e-310	7.58274e-312
18.41	6.96926e-310	7.58274e-312
18.42	6.96926e-310	7.58274e-312
18.43	6.96926e-310	7.58274e-312
18.44	6.96926e-310	7.58274e-312
18.45	6.96926e-310	7.58274e-312
18.46	6.96926e-310	7.58274e-312
18.47	6.96926e-310	7.58274e-312
18.48	6.96926e-310	7.58274e-312
18.49	6.96926e-310	7.58274e-312
18.5	6.96926e-310	7.58274e-312
18.51	6.96926e-310	7.58274e-312
18.52	6.96926e-310	7.58274e-312
18.53	6.96926e-310	7.58274e-312
18.54	6.96926e-310	7.58274e-312
18.55	6.96926e-310	7.58274e-312
18.56	6.96926e-310	7.58274e-312
18.57	6.96926e-310	7.58274e-312
18.58	6.96926e-310	7.58274e-312
18.59	6.96926e-310	7.58274e-312
18.6	6.96926e-310	7.58274e-312
18.61	6.96926e-310	7.58274e-312
18.62	6.96926e-310	7.58274e-312
18.63	6.96926e-310	7.58274e-312
18.64	6.96926e-310	7.58274e-312
18.65	6.96926e-310	7.58274e-312
18.66	6.96926e-310	7.58274e-312
18.67	6.96926e-310	7.58274e-312
18.68	6.96926e-310	7.58274e-312
18.69	6.96926e-310	7.58274e-312
18.7	6.96926e-310	7.58274e-312
18.71	6.96926e-310	7.58274e-312
18.72	6.96926e-310	7.58274e-312
18.73	6.96926e-310	7.58274e-312
18.74	6.96926e-310	7.58274e-312
18.75	6.96926e-310	7.58274e-312
18.76	6.96926e-310	7.58274e-312
18.77	6.96926e-310	7.58274e-312
18.78	6.96926e-310	7.58274e-312
18.79	6.96926e-310	7.58274e-312
18.8	6.96926e-310	7.58274e-312
18.81	6.96926e-310	7.58274e-312
18.82	6.96926e-310	7.58274e-312
18.83	6.96926e-310	7.58274e-312
18.84	6.96926e-310	7.58274e-312
18.85	6.96926e-310	7.58274e-312
18.86	6.96926e-310	7.58274e-312
18.87	6.96926e-310	7.58274e-312
18.88	6.96926e-310	7.58274e-312
18.89	6.96926e-310	7.58274e-312
18.9	6.96926e-310	7.58274e-312
18.91	6.96926e-310	7.58274e-312
18.92	6.96926e-310	7.58274e-312
18.93	6.96926e-310	7.58274e-312
18.94	6.96926e-310	7.58274e-312
18.95	6.96926e-310	7.58274e-312
18.96	6.96926e-310	7.58274e-312
18.97	6.96926e-310	7.58274e-312
18.98	6.96926e-310	7.58274e-312
18.99	6.96926e-310	7.58274e-312
19	6.96926e-310	7.58274e-312
19.01	6.96926e-310	7.58274e-312
19.02	6.96926e-310	7.58274e-312
19.03	6.96926e-310	7.58274e-312
19.04	6.96926e-310	7.58274e-312
19.05	6.96926e-310	7.58274e-312
19.06	6.96926e-310	7.58274e-312
19.07	6.96926e-310	7.58274e-312
19.08	6.96926e-310	7.58274e-312
19.09	6.96926e-310	7.58274e-312
19.1	6.96926e-310	7.58274e-312
19.11	6.96926e-310	7.58274e-312
19.12	6.96926e-310	7.58274e-312
19.13	6.96926e-310	7.58274e-312
19.14	6.96926e-310	7.58274e-312
19.15	6.96926e-310	7.58274e-312
19.16	6.96926e-310	7.58274e-312
19.17	6.96926e-310	7.58274e-312
19.18	6.96926e-310	7.58274e-312
19.19	6.96926e-310	7.58274e-312
19.2	6.96926e-310	7.58274e-312
19.21	6.96926e-310	7.58274e-312
19.22	6.96926e-310	7.58274e-312
19.23	6.96926e-310	7.58274e-312
19.24	6.96926e-310	7.58274e-312
19.25	6.96926e-310	7.58274e-312
19.26	6.96926e-310	7.58274e-312
19.27	6.96926e-310	7.58274e-312
19.28	6.96926e-310	7.58274e-312
19.29	6.96926e-310	7.58274e-312
19.3	6.96926e-310	7.58274e-312
19.31	6.96926e-310	7.58274e-312
19.32	6.96926e-310	7.58274e-312
19.33	6.96926e-310	7.58274e-312
19.34	6.96926e-310	7.58274e-312
19.35	6.96926e-310	7.58274e-312
19.36	6.96926e-310	7.58274e-312
19.37	6.96926e-310	7.58274e-312
19.38	6.96926e-310	7.58274e-312
19.39	6.96926e-310	7.58274e-312
19.4	6.96926e-310	7.58274e-312
19.41	6.96926e-310	7.58274e-312
19.42	6.96926e-310	7.58274e-312
19.43	6.96926e-310	7.58274e-312
19.44	6.96926e-310	7.58274e-312
19.45	6.96926e-310	7.58274e-312
19.46	6.96926e-310	7.58274e-312
19.47	6.96926e-310	7.58274e-312
19.48	6.96926e-310	7.58274e-312
19.49	6.96926e-310	7.58274e-312
19.5	6.96926e-310	7.58274e-312
19.51	6.96926e-310	7.58274e-312
19.52	6.96926e-310	7.58274e-312
19.53	6.96926e-310	7.58274e-312
19.54	6.96926e-310	7.58274e-312
19.55	6.96926e-310	7.58274e-312
19.56	6.96926e-310	7.58274e-312
19.57	6.96926e-310	7.58274e-312
19.58	6.96926e-310	7.58274e-312
19.59	6.96926e-310	7.58274e-312
19.6	6.96926e-310	7.58274e-312
19.61	6.96926e-310	7.58274e-312
19.62	6.96926e-310	7.58274e-312
19.63	6.96926e-310	7.58274e-312
19.64	6.96926e-310	7.58274e-312
19.65	6.96926e-310	7.58274e-312
19.66	6.96926e-310	7.58274e-312
19.67	6.96926e-310	7.58274e-312
19.68	6.96926e-310	7.58274e-312
19.69	6.96926e-310	7.58274e-312
19.7	6.96926e-310	7.58274e-312
19.71	6.96926e-310	7.58274e-312
19.72	6.96926e-310	7.58274e-312
19.73	6.96926e-310	7.58274e-312
19.74	6.96926e-310	7.58274e-312
19.75	6.96926e-310	7.58274e-312
19.76	6.96926e-310	7.58274e-312
19.77	6.96926e-310	7.58274e-312
19.78	6.96926e-310	7.58274e-312
19.79	6.96926e-310	7.58274e-312
19.8	6.96926e-310	7.58274e-312
19.81	6.96926e-310	7.58274e-312
19.82	6.96926e-310	7.58274e-312
19.83	6.96926e-310	7.58274e-312
19.84	6.96926e-310	7.58274e-312
19.85	6.96926e-310	7.58274e-312
19.86	6.96926e-310	7.58274e-312
19.87	6.96926e-310	7.58274e-312
19.88	6.96926e-310	7.58274e-312
19.89	6.96926e-310	7.58274e-312
19.9	6.96926e-310	7.58274e-312
19.91	6.96926e-310	7.58274e-312
19.92	6.96926e-310	7.58274e-312
19.93	6.96926e-310	7.58274e-312
19.94	6.96926e-310	7.58274e-312
19.95	6.96926e-310	7.58274e-312
19.96	6.96926e-310	7.58274e-312
19.97	6.96926e-310	7.58274e-312
19.98	6.96926e-310	7.58274e-312
19.99	6.96926e-310	7.58274e-312
20	6.96926e-310	7.58274e-312
20.01	6.96926e-310	7.58274e-312
20.02	6.96926e-310	7.58274e-312
20.03	6.96926e-310	7.58274e-312
20.04	6.96926e-310	7.58274e-312
20.05	6.96926e-310	7.58274e-312
20.06	6.96926e-310	7.58274e-312
20.07	6.96926e-310	7.58274e-312
20.08	6.96926e-310	7.58274e-312
20.09	6.96926e-310	7.58274e-312
20.1	6.96926e-310	7.58274e-312
20.11	6.96926e-310	7.58274e-312
20.12	6.96926e-310	7.58274e-312
20.13	6.96926e-310	7.58274e-312
20.14	6.96926e-310	7.58274e-312
20.15	6.96926e-310	7.58274e-312
20.16	6.96926e-310	7.58274e-312
20.17	6.96926e-310	7.58274e-312
20.18	6.96926e-310	7.58274e-312
20.19	6.96926e-310	7.58274e-312
20.2	6.96926e-310	7.58274e-312
20.21	6.96926e-310	7.58274e-312
20.22	6.96926e-310	7.58274e-312
20.23	6.96926e-310	7.58274e-312
20.24	6.96926e-310	7.58274e-312
20.25	6.96926e-310	7.58274e-312
20.26	6.96926e-310	7.58274e-312
20.27	6.96926e-310	7.58274e-312
20.28	6.96926e-310	7.58274e-312
20.29	6.96926e-310	7.58274e-312
20.3	6.96926e-310	7.58274e-312
20.31	6.96926e-310	7.58274e-312
20.32	6.96926e-310	7.58274e-312
20.33	6.96926e-310	7.58274e-312
20.34	6.96926e-310	7.58274e-312
20.35	6.96926e-310	7.58274e-312
20.36	6.96926e-310	7.58274e-312
20.37	6.96926e-310	7.58274e-312
20.38	6.96926e-310	7.58274e-312
20.39	6.96926e-310	7.58274e-312
20.4	6.96926e-310	7.58274e-312
20.41	6.96926e-310	7.58274e-312
20.42	6.96926e-310	7.58274e-312
20.43	6.96926e-310	7.58274e-312
20.44	6.96926e-310	7.58274e-312
20.45	6.96926e-310	7.58274e-312
20.46	6.96926e-310	7.58274e-312
20.47	6.96926e-310	7.58274e-312
20.48	6.96926e-310	7.58274e-312
20.49	6.96926e-310	7.58274e-312
20.5	6.96926e-310	7.58274e-312
20.51	6.96926e-310	7.58274e-312
20.52	6.96926e-310	7.58274e-312
20.53	6.96926e-310	7.58274e-312
20.54	6.96926e-310	7.58274e-312
20.55	6.96926e-310	7.58274e-312
20.56	6.96926e-310	7.58274e-312
20.57	6.96926e-310	7.58274e-312
20.58	6.96926e-310	7.58274e-312
20.59	6.96926e-310	7.58274e-312
20.6	6.96926e-310	7.58274e-312
20.61	6.96926e-310	7.58274e-312
20.62	6.96926e-310	7.58274e-312
20.63	6.96926e-310	7.58274e-312
20.64	6.96926e-310	7.58274e-312
20.65	6.96926e-310	7.58274e-312
20.66	6.96926e-310	7.58274e-312
20.67	6.96926e-310	7.58274e-312
20.68	6.96926e-310	7.58274e-312
20.69	6.96926e-310	7.58274e-312
20.7	6.96926e-310	7.58274e-312
20.71	6.96926e-310	7.58274e-312
20.72	6.96926e-310	7.58274e-312
20.73	6.96926e-310	7.58274e-312
20.74	6.96926e-310	7.58274e-312
20.75	6.96926e-310	7.58274e-312
20.76	6.96926e-310	7.58274e-312
20.77	6.96926e-310	7.58274e-312
20.78	6.96926e-310	7.58274e-312
20.79	6.96926e-310	7.58274e-312
20.8	6.96926e-310	7.58274e-312
20.81	6.96926e-310	7.58274e-312
20.82	6.96926e-310	7.58274e-312
20.83	6.96926e-310	7.58274e-312
20.84	6.96926e-310	7.58274e-312
20.85	6.96926e-310	7.58274e-312
20.86	6.96926e-310	7.58274e-312
20.87	6.96926e-310	7.58274e-312
20.88	6.96926e-310	7.58274e-312
20.89	6.96926e-310	7.58274e-312
20.9	6.96926e-310	7.58274e-312
20.91	6.96926e-310	7.58274e-312
20.92	6.96926e-310	7.58274e-312
20.93	6.96926e-310	7.58274e-312
20.94	6.96926e-310	7.58274e-312
20.95	6.96926e-310	7.58274e-312
20.96	6.96926e-310	7.58274e-312
20.97	6.96926e-310	7.58274e-312
20.98	6.96926e-310	7.58274e-312
20.99	6.96926e-310	7.58274e-312
21	6.96926e-310	7.58274e-312
21.01	6.96926e-310	7.58274e-312
21.02	6.96926e-310	7.58274e-312
21.03	6.96926e-310	7.58274e-312
21.04	6.96926e-310	7.58274e-312
21.05	6.96926e-310	7.58274e-312
21.06	6.96926e-310	7.58274e-312
21.07	6.96926e-310	7.58274e-312
21.08	6.96926e-310	7.58274e-312
21.09	6.96926e-310	7.58274e-312
21.1	6.96926e-310	7.58274e-312
21.11	6.96926e-310	7.58274e-312
21.12	6.96926e-310	7.58274e-312
21.13	6.96926e-310	7.58274e-312
21.14	6.96926e-310	7.58274e-312
21.15	6.96926e-310	7.58274e-312
21.16	6.96926e-310	7.58274e-312
21.17	6.96926e-310	7.58274e-312
21.18	6.96926e-310	7.58274e-312
21.19	6.96926e-310	7.58274e-312
21.2	6.96926e-310	7.58274e-312
21.21	6.96926e-310	7.58274e-312
21.22	6.96926e-310	7.58274e-312
21.23	6.96926e-310	7.58274e-312
21.24	6.96926e-310	7.58274e-312
21.25	6.96926e-310	7.58274e-312
21.26	6.96926e-310	7.58274e-312
21.27	6.96926e-310	7.58274e-312
21.28	6.96926e-310	7.58274e-312
21.29	6.96926e-310	7.58274e-312
21.3	6.96926e-310	7.58274e-312
21.31	6.96926e-310	7.58274e-312
21.32	6.96926e-310	7.58274e-312
21.33	6.96926e-310	7.58274e-312
21.34	6.96926e-310	7.58274e-312
21.35	6.96926e-310	7.58274e-312
21.36	6.96926e-310	7.58274e-312
21.37	6.96926e-310	7.58274e-312
21.38	6.96926e-310	7.58274e-312
21.39	6.96926e-310	7.58274e-312
21.4	6.96926e-310	7.58274e-312
21.41	6.96926e-310	7.58274e-312
21.42	6.96926e-310	7.58274e-312
21.43	6.96926e-310	7.58274e-312
21.44	6.96926e-310	7.58274e-312
21.45	6.96926e-310	7.58274e-312
21.46	6.96926e-310	7.58274e-312
21.47	6.96926e-310	7.58274e-312
21.48	6.96926e-310	7.58274e-312
21.49	6.96926e-310	7.58274e-312
21.5	6.96926e-310	7.58274e-312
21.51	6.96926e-310	7.58274e-312
21.52	6.96926e-310	7.58274e-312
21.53	6.96926e-310	7.58274e-312
21.54	6.96926e-310	7.58274e-312
21.55	6.96926e-310	7.58274e-312
21.56	6.96926e-310	7.58274e-312
21.57	6.96926e-310	7.58274e-312
21.58	6.96926e-310	7.58274e-312
21.59	6.96926e-310	7.58274e-312
21.6	6.96926e-310	7.58274e-312
21.61	6.96926e-310	7.58274e-312
21.62	6.96926e-310	7.58274e-312
21.63	6.96926e-310	7.58274e-312
21.64	6.96926e-310	7.58274e-312
21.65	6.96926e-310	7.58274e-312
21.66	6.96926e-310	7.58274e-312
21.67	6.96926e-310	7.58274e-312
21.68	6.96926e-310	7.58274e-312
21.69	6.96926e-310	7.58274e-312
21.7	6.96926e-310	7.58274e-312
21.71	6.96926e-310	7.58274e-312
21.72	6.96926e-310	7.58274e-312
21.73	6.96926e-310	7.58274e-312
21.74	6.96926e-310	7.58274e-312
21.75	6.96926e-310	7.58274e-312
21.76	6.96926e-310	7.58274e-312
21.77	6.96926e-310	7.58274e-312
21.78	6.96926e-310	7.58274e-312
21.79	6.96926e-310	7.58274e-312
21.8	6.96926e-310	7.58274e-312
21.81	6.96926e-310	7.58274e-312
21.82	6.96926e-310	7.58274e-312
21.83	6.96926e-310	7.58274e-312
21.84	6.96926e-310	7.58274e-312
21.85	6.96926e-310	7.58274e-312
21.86	6.96926e-310	7.58274e-312
21.87	6.96926e-310	7.58274e-312
21.88	6.96926e-310	7.58274e-312
21.89	6.96926e-310	7.58274e-312
21.9	6.96926e-310	7.58274e-312
21.91	6.96926e-310	7.58274e-312
21.92	6.96926e-310	7.58274e-312
21.93	6.96926e-310	7.58274e-312
21.94	6.96926e-310	7.58274e-312
21.95	6.96926e-310	7.58274e-312
21.96	6.96926e-310	7.58274e-312
21.97	6.96926e-310	7.58274e-312
21.98	6.96926e-310	7.58274e-312
21.99	6.96926e-310	7.58274e-312
22	6.96926e-310	7.58274e-312
22.01	6.96926e-310	7.58274e-312
22.02	6.96926e-310	7.58274e-312
22.03	6.96926e-310	7.58274e-312
22.04	6.96926e-310	7.58274e-312
22.05	6.96926e-310	7.58274e-312
22.06	6.96926e-310	7.58274e-312
22.07	6.96926e-310	7.58274e-312
22.08	6.96926e-310	7.58274e-312
22.09	6.96926e-310	7.58274e-312
22.1	6.96926e-310	7.58274e-312
22.11	6.96926e-310	7.58274e-312
22.12	6.96926e-310	7.58274e-312
22.13	6.96926e-310	7.58274e-312
22.14	6.96926e-310	7.58274e-312
22.15	6.96926e-310	7.58274e-312
22.16	6.96926e-310	7.58274e-312
22.17	6.96926e-310	7.58274e-312
22.18	6.96926e-310	7.58274e-312
22.19	6.96926e-310	7.58274e-312
22.2	6.96926e-310	7.58274e-312
22.21	6.96926e-310	7.58274e-312
22.22	6.96926e-310	7.58274e-312
22.23	6.96926e-310	7.58274e-312
22.24	6.96926e-310	7.58274e-312
22.25	6.96926e-310	7.58274e-312
22.26	6.96926e-310	7.58274e-312
22.27	6.96926e-310	7.58274e-312
22.28	6.96926e-310	7.58274e-312
22.29	6.96926e-310	7.58274e-312
22.3	6.96926e-310	7.58274e-312
22.31	6.96926e-310	7.58274e-312
22.32	6.96926e-310	7.58274e-312
22.33	6.96926e-310	7.58274e-312
22.34	6.96926e-310	7.58274e-312
22.35	6.96926e-310	7.58274e-312
22.36	6.96926e-310	7.58274e-312
22.37	6.96926e-310	7.58274e-312
22.38	6.96926e-310	7.58274e-312
22.39	6.96926e-310	7.58274e-312
22.4	6.96926e-310	7.58274e-312
22.41	6.96926e-310	7.58274e-312
22.42	6.96926e-310	7.58274e-312
22.43	6.96926e-310	7.58274e-312
22.44	6.96926e-310	7.58274e-312
22.45	6.96926e-310	7.58274e-312
22.46	6.96926e-310	7.58274e-312
22.47	6.96926e-310	7.58274e-312
22.48	6.96926e-310	7.58274e-312
22.49	6.96926e-310	7.58274e-312
22.5	6.96926e-310	7.58274e-312
22.51	6.96926e-310	7.58274e-312
22.52	6.96926e-310	7.58274e-312
22.53	6.96926e-310	7.58274e-312
22.54	6.96926e-310	7.58274e-312
22.55	6.96926e-310	7.58274e-312
22.56	6.96926e-310	7.58274e-312
22.57	6.96926e-310	7.58274e-312
22.58	6.96926e-310	7.58274e-312
22.59	6.96926e-310	7.58274e-312
22.6	6.96926e-310	7.58274e-312
22.61	6.96926e-310	7.58274e-312
22.62	6.96926e-310	7.58274e-312
22.63	6.96926e-310	7.58274e-312
22.64	6.96926e-310	7.58274e-312
22.65	6.96926e-310	7.58274e-312
22.66	6.96926e-310	7.58274e-312
22.67	6.96926e-310	7.58274e-312
22.68	6.96926e-310	7.58274e-312
22.69	6.96926e-310	7.58274e-312
22.7	6.96926e-310	7.58274e-312
22.71	6.96926e-310	7.58274e-312
22.72	6.96926e-310	7.58274e-312
22.73	6.96926e-310	7.58274e-312
22.74	6.96926e-310	7.58274e-312
22.75	6.96926e-310	7.58274e-312
22.76	6.96926e-310	7.58274e-312
22.77	6.96926e-310	7.58274e-312
22.78	6.96926e-310	7.58274e-312
22.79	6.96926e-310	7.58274e-312
22.8	6.96926e-310	7.58274e-312
22.81	6.96926e-310	7.58274e-312
22.82	6.96926e-310	7.58274e-312
22.83	6.96926e-310	7.58274e-312
22.84	6.96926e-310	7.58274e-312
22.85	6.96926e-310	7.58274e-312
22.86	6.96926e-310	7.58274e-312
22.87	6.96926e-310	7.58274e-312
22.88	6.96926e-310	7.58274e-312
22.89	6.96926e-310	7.58274e-312
22.9	6.96926e-310	7.58274e-312
22.91	6.96926e-310	7.58274e-312
22.92	6.96926e-310	7.58274e-312
22.93	6.96926e-310	7.58274e-312
22.94	6.96926e-310	7.58274e-312
22.95	6.96926e-310	7.58274e-312
22.96	6.96926e-310	7.58274e-312
22.97	6.96926e-310	7.58274e-312
22.98	6.96926e-310	7.58274e-312
22.99	6.96926e-310	7.58274e-312
23	6.96926e-310	7.58274e-312
23.01	6.96926e-310	7.58274e-312
23.02	6.96926e-310	7.58274e-312
23.03	6.96926e-310	7.58274e-312
23.04	6.96926e-310	7.58274e-312
23.05	6.96926e-310	7.58274e-312
23.06	6.96926e-310	7.58274e-312
23.07	6.96926e-310	7.58274e-312
23.08	6.96926e-310	7.58274e-312
23.09	6.96926e-310	7.58274e-312
23.1	6.96926e-310	7.58274e-312
23.11	6.96926e-310	7.58274e-312
23.12	6.96926e-310	7.58274e-312
23.13	6.96926e-310	7.58274e-312
23.14	6.96926e-310	7.58274e-312
23.15	6.96926e-310	7.58274e-312
23.16	6.96926e-310	7.58274e-312
23.17	6.96926e-310	7.58274e-312
23.18	6.96926e-310	7.58274e-312
23.19	6.96926e-310	7.58274e-312
23.2	6.96926e-310	7.58274e-312
23.21	6.96926e-310	7.58274e-312
23.22	6.96926e-310	7.58274e-312
23.23	6.96926e-310	7.58274e-312
23.24	6.96926e-310	7.58274e-312
23.25	6.96926e-310	7.58274e-312
23.26	6.96926e-310	7.58274e-312
23.27	6.96926e-310	7.58274e-312
23.28	6.96926e-310	7.58274e-312
23.29	6.96926e-310	7.58274e-312
23.3	6.96926e-310	7.58274e-312
23.31	6.96926e-310	7.58274e-312
23.32	6.96926e-310	7.58274e-312
23.33	6.96926e-310	7.58274e-312
23.34	6.96926e-310	7.58274e-312
23.35	6.96926e-310	7.58274e-312
23.36	6.96926e-310	7.58274e-312
23.37	6.96926e-310	7.58274e-312
23.38	6.96926e-310	7.58274e-312
23.39	6.96926e-310	7.58274e-312
23.4	6.96926e-310	7.58274e-312
23.41	6.96926e-310	7.58274e-312
23.42	6.96926e-310	7.58274e-312
23.43	6.96926e-310	7.58274e-312
23.44	6.96926e-310	7.58274e-312
23.45	6.96926e-310	7.58274e-312
23.46	6.96926e-310	7.58274e-312
23.47	6.96926e-310	7.58274e-312
23.48	6.96926e-310	7.58274e-312
23.49	6.96926e-310	7.58274e-312
23.5	6.96926e-310	7.58274e-312
23.51	6.96926e-310	7.58274e-312
23.52	6.96926e-310	7.58274e-312
23.53	6.96926e-310	7.58274e-312
23.54	6.96926e-310	7.58274e-312
23.55	6.96926e-310	7.58274e-312
23.56	6.96926e-310	7.58274e-312
23.57	6.96926e-310	7.58274e-312
23.58	6.96926e-310	7.58274e-312
23.59	6.96926e-310	7.58274e-312
23.6	6.96926e-310	7.58274e-312
23.61	6.96926e-310	7.58274e-312
23.62	6.96926e-310	7.58274e-312
23.63	6.96926e-310	7.58274e-312
23.64	6.96926e-310	7.58274e-312
23.65	6.96926e-310	7.58274e-312
23.66	6.96926e-310	7.58274e-312
23.67	6.96926e-310	7.58274e-312
23.68	6.96926e-310	7.58274e-312
23.69	6.96926e-310	7.58274e-312
23.7	6.96926e-310	7.58274e-312
23.71	6.96926e-310	7.58274e-312
23.72	6.96926e-310	7.58274e-312
23.73	6.96926e-310	7.58274e-312
23.74	6.96926e-310	7.58274e-312
23.75	6.96926e-310	7.58274e-312
23.76	6.96926e-310	7.58274e-312
23.77	6.96926e-310	7.58274e-312
23.78	6.96926e-310	7.58274e-312
23.79	6.96926e-310	7.58274e-312
23.8	6.96926e-310	7.58274e-312
23.81	6.96926e-310	7.58274e-312
23.82	6.96926e-310	7.58274e-312
23.83	6.96926e-310	7.58274e-312
23.84	6.96926e-310	7.58274e-312
23.85	6.96926e-310	7.58274e-312
23.86	6.96926e-310	7.58274e-312
23.87	6.96926e-310	7.58274e-312
23.88	6.96926e-310	7.58274e-312
23.89	6.96926e-310	7.58274e-312
23.9	6.96926e-310	7.58274e-312
23.91	6.96926e-310	7.58274e-312
23.92	6.96926e-310	7.58274e-312
23.93	6.96926e-310	7.58274e-312
23.94	6.96926e-310	7.58274e-312
23.95	6.96926e-310	7.58274e-312
23.96	6.96926e-310	7.58274e-312
23.97	6.96926e-310	7.58274e-312
23.98	6.96926e-310	7.58274e-312
23.99	6.96926e-310	7.58274e-312
24	6.96926e-310	7.58274e-312
24.01	6.96926e-310	7.58274e-312
24.02	6.96926e-310	7.58274e-312
24.03	6.96926e-310	7.58274e-312
24.04	6.96926e-310	7.58274e-312
24.05	6.96926e-310	7.58274e-312
24.06	6.96926e-310	7.58274e-312
24.07	6.96926e-310	7.58274e-312
24.08	6.96926e-310	7.58274e-312
24.09	6.96926e-310	7.58274e-312
24.1	6.96926e-310	7.58274e-312
24.11	6.96926e-310	7.58274e-312
24.12	6.96926e-310	7.58274e-312
24.13	6.96926e-310	7.58274e-312
24.14	6.96926e-310	7.58274e-312
24.15	6.96926e-310	7.58274e-312
24.16	6.96926e-310	7.58274e-312
24.17	6.96926e-310	7.58274e-312
24.18	6.96926e-310	7.58274e-312
24.19	6.96926e-310	7.58274e-312
24.2	6.96926e-310	7.58274e-312
24.21	6.96926e-310	7.58274e-312
24.22	6.96926e-310	7.58274e-312
24.23	6.96926e-310	7.58274e-312
24.24	6.96926e-310	7.58274e-312
24.25	6.96926e-310	7.58274e-312
24.26	6.96926e-310	7.58274e-312
24.27	6.96926e-310	7.58274e-312
24.28	6.96926e-310	7.58274e-312
24.29	6.96926e-310	7.58274e-312
24.3	6.96926e-310	7.58274e-312
24.31	6.96926e-310	7.58274e-312
24.32	6.96926e-310	7.58274e-312
24.33	6.96926e-310	7.58274e-312
24.34	6.96926e-310	7.58274e-312
24.35	6.96926e-310	7.58274e-312
24.36	6.96926e-310	7.58274e-312
24.37	6.96926e-310	7.58274e-312
24.38	6.96926e-310	7.58274e-312
24.39	6.96926e-310	7.58274e-312
24.4	6.96926e-310	7.58274e-312
24.41	6.96926e-310	7.58274e-312
24.42	6.96926e-310	7.58274e-312
24.43	6.96926e-310	7.58274e-312
24.44	6.96926e-310	7.58274e-312
24.45	6.96926e-310	7.58274e-312
24.46	6.96926e-310	7.58274e-312
24.47	6.96926e-310	7.58274e-312
24.48	6.96926e-310	7.58274e-312
24.49	6.96926e-310	7.58274e-312
24.5	6.96926e-310	7.58274e-312
24.51	6.96926e-310	7.58274e-312
24.52	6.96926e-310	7.58274e-312
24.53	6.96926e-310	7.58274e-312
24.54	6.96926e-310	7.58274e-312
24.55	6.96926e-310	7.58274e-312
24.56	6.96926e-310	7.58274e-312
24.57	6.96926e-310	7.58274e-312
24.58	6.96926e-310	7.58274e-312
24.59	6.96926e-310	7.58274e-312
24.6	6.96926e-310	7.58274e-312
24.61	6.96926e-310	7.58274e-312
24.62	6.96926e-310	7.58274e-312
24.63	6.96926e-310	7.58274e-312
24.64	6.96926e-310	7.58274e-312
24.65	6.96926e-310	7.58274e-312
24.66	6.96926e-310	7.58274e-312
24.67	6.96926e-310	7.58274e-312
24.68	6.96926e-310	7.58274e-312
24.69	6.96926e-310	7.58274e-312
24.7	6.96926e-310	7.58274e-312
24.71	6.96926e-310	7.58274e-312
24.72	6.96926e-310	7.58274e-312
24.73	6.96926e-310	7.58274e-312
24.74	6.96926e-310	7.58274e-312
24.75	6.96926e-310	7.58274e-312
24.76	6.96926e-310	7.58274e-312
24.77	6.96926e-310	7.58274e-312
24.78	6.96926e-310	7.58274e-312
24.79	6.96926e-310	7.58274e-312
24.8	6.96926e-310	7.58274e-312
24.81	6.96926e-310	7.58274e-312
24.82	6.96926e-310	7.58274e-312
24.83	6.96926e-310	7.58274e-312
24.84	6.96926e-310	7.58274e-312
24.85	6.96926e-310	7.58274e-312
24.86	6.96926e-310	7.58274e-312
24.87	6.96926e-310	7.58274e-312
24.88	6.96926e-310	7.58274e-312
24.89	6.96926e-310	7.58274e-312
24.9	6.96926e-310	7.58274e-312
24.91	6.96926e-310	7.58274e-312
24.92	6.96926e-310	7.58274e-312
24.93	6.96926e-310	7.58274e-312
24.94	6.96926e-310	7.58274e-312
24.95	6.96926e-310	7.58274e-312
24.96	6.96926e-310	7.58274e-312
24.97	6.96926e-310	7.58274e-312
24.98	6.96926e-310	7.58274e-312
24.99	6.96926e-310	7.58274e-312
25	6.96926e-310	7.58274e-312
25.01	6.96926e-310	7.58274e-312
25.02	6.96926e-310	7.58274e-312
25.03	6.96926e-310	7.58274e-312
25.04	6.96926e-310	7.58274e-312
25.05	6.96926e-310	7.58274e-312
25.06	6.96926e-310	7.58274e-312
25.07	6.96926e-310	7.58274e-312
25.08	6.96926e-310	7.58274e-312
25.09	6.96926e-310	7.58274e-312
25.1	6.96926e-310	7.58274e-312
25.11	6.96926e-310	7.58274e-312
25.12	6.96926e-310	7.58274e-312
25.13	6.96926e-310	7.58274e-312
25.14	6.96926e-310	7.58274e-312
25.15	6.96926e-310	7.58274e-312
25.16	6.96926e-310	7.58274e-312
25.17	6.96926e-310	7.58274e-312
25.18	6.96926e-310	7.58274e-312
25.19	6.96926e-310	7.58274e-312
25.2	6.96926e-310	7.58274e-312
25.21	6.96926e-310	7.58274e-312
25.22	6.96926e-310	7.58274e-312
25.23	6.96926e-310	7.58274e-312
25.24	6.96926e-310	7.58274e-312
25.25	6.96926e-310	7.58274e-312
25.26	6.96926e-310	7.58274e-312
25.27	6.96926e-310	7.58274e-312
25.28	6.96926e-310	7.58274e-312
25.29	6.96926e-310	7.58274e-312
25.3	6.96926e-310	7.58274e-312
25.31	6.96926e-310	7.58274e-312
25.32	6.96926e-310	7.58274e-312
25.33	6.96926e-310	7.58274e-312
25.34	6.96926e-310	7.58274e-312
25.35	6.96926e-310	7.58274e-312
25.36	6.96926e-310	7.58274e-312
25.37	6.96926e-310	7.58274e-312
25.38	6.96926e-310	7.58274e-312
25.39	6.96926e-310	7.58274e-312
25.4	6.96926e-310	7.58274e-312
25.41	6.96926e-310	7.58274e-312
25.42	6.96926e-310	7.58274e-312
25.43	6.96926e-310	7.58274e-312
25.44	6.96926e-310	7.58274e-312
25.45	6.96926e-310	7.58274e-312
25.46	6.96926e-310	7.58274e-312
25.47	6.96926e-310	7.58274e-312
25.48	6.96926e-310	7.58274e-312
25.49	6.96926e-310	7.58274e-312
25.5	6.96926e-310	7.58274e-312
25.51	6.96926e-310	7.58274e-312
25.52	6.96926e-310	7.58274e-312
25.53	6.96926e-310	7.58274e-312
25.54	6.96926e-310	7.58274e-312
25.55	6.96926e-310	7.58274e-312
25.56	6.96926e-310	7.58274e-312
25.57	6.96926e-310	7.58274e-312
25.58	6.96926e-310	7.58274e-312
25.59	6.96926e-310	7.58274e-312
25.6	6.96926e-310	7.58274e-312
25.61	6.96926e-310	7.58274e-312
25.62	6.96926e-310	7.58274e-312
25.63	6.96926e-310	7.58274e-312
25.64	6.96926e-310	7.58274e-312
25.65	6.96926e-310	7.58274e-312
25.66	6.96926e-310	7.58274e-312
25.67	6.96926e-310	7.58274e-312
25.68	6.96926e-310	7.58274e-312
25.69	6.96926e-310	7.58274e-312
25.7	6.96926e-310	7.58274e-312
25.71	6.96926e-310	7.58274e-312
25.72	6.96926e-310	7.58274e-312
25.73	6.96926e-310	7.58274e-312
25.74	6.96926e-310	7.58274e-312
25.75	6.96926e-310	7.58274e-312
25.76	6.96926e-310	7.58274e-312
25.77	6.96926e-310	7.58274e-312
25.78	6.96926e-310	7.58274e-312
25.79	6.96926e-310	7.58274e-312
25.8	6.96926e-310	7.58274e-312
25.81	6.96926e-310	7.58274e-312
25.82	6.96926e-310	7.58274e-312
25.83	6.96926e-310	7.58274e-312
25.84	6.96926e-310	7.58274e-312
25.85	6.96926e-310	7.58274e-312
25.86	6.96926e-310	7.58274e-312
25.87	6.96926e-310	7.58274e-312
25.88	6.96926e-310	7.58274e-312
25.89	6.96926e-310	7.58274e-312
25.9	6.96926e-310	7.58274e-312
25.91	6.96926e-310	7.58274e-312
25.92	6.96926e-310	7.58274e-312
25.93	6.96926e-310	7.58274e-312
25.94	6.96926e-310	7.58274e-312
25.95	6.96926e-310	7.58274e-312
25.96	6.96926e-310	7.58274e-312
25.97	6.96926e-310	7.58274e-312
25.98	6.96926e-310	7.58274e-312
25.99	6.96926e-310	7.58274e-312
26	6.96926e-310	7.58274e-312
26.01	6.96926e-310	7.58274e-312
26.02	6.96926e-310	7.58274e-312
26.03	6.96926e-310	7.58274e-312
26.04	6.96926e-310	7.58274e-312
26.05	6.96926e-310	7.58274e-312
26.06	6.96926e-310	7.58274e-312
26.07	6.96926e-310	7.58274e-312
26.08	6.96926e-310	7.58274e-312
26.09	6.96926e-310	7.58274e-312
26.1	6.96926e-310	7.58274e-312
26.11	6.96926e-310	7.58274e-312
26.12	6.96926e-310	7.58274e-312
26.13	6.96926e-310	7.58274e-312
26.14	6.96926e-310	7.58274e-312
26.15	6.96926e-310	7.58274e-312
26.16	6.96926e-310	7.58274e-312
26.17	6.96926e-310	7.58274e-312
26.18	6.96926e-310	7.58274e-312
26.19	6.96926e-310	7.58274e-312
26.2	6.96926e-310	7.58274e-312
26.21	6.96926e-310	7.58274e-312
26.22	6.96926e-310	7.58274e-312
26.23	6.96926e-310	7.58274e-312
26.24	6.96926e-310	7.58274e-312
26.25	6.96926e-310	7.58274e-312
26.26	6.96926e-310	7.58274e-312
26.27	6.96926e-310	7.58274e-312
26.28	6.96926e-310	7.58274e-312
26.29	6.96926e-310	7.58274e-312
26.3	6.96926e-310	7.58274e-312
26.31	6.96926e-310	7.58274e-312
26.32	6.96926e-310	7.58274e-312
26.33	6.96926e-310	7.58274e-312
26.34	6.96926e-310	7.58274e-312
26.35	6.96926e-310	7.58274e-312
26.36	6.96926e-310	7.58274e-312
26.37	6.96926e-310	7.58274e-312
26.38	6.96926e-310	7.58274e-312
26.39	6.96926e-310	7.58274e-312
26.4	6.96926e-310	7.58274e-312
26.41	6.96926e-310	7.58274e-312
26.42	6.96926e-310	7.58274e-312
26.43	6.96926e-310	7.58274e-312
26.44	6.96926e-310	7.58274e-312
26.45	6.96926e-310	7.58274e-312
26.46	6.96926e-310	7.58274e-312
26.47	6.96926e-310	7.58274e-312
26.48	6.96926e-310	7.58274e-312
26.49	6.96926e-310	7.58274e-312
26.5	6.96926e-310	7.58274e-312
26.51	6.96926e-310	7.58274e-312
26.52	6.96926e-310	7.58274e-312
26.53	6.96926e-310	7.58274e-312
26.54	6.96926e-310	7.58274e-312
26.55	6.96926e-310	7.58274e-312
26.56	6.96926e-310	7.58274e-312
26.57	6.96926e-310	7.58274e-312
26.58	6.96926e-310	7.58274e-312
26.59	6.96926e-310	7.58274e-312
26.6	6.96926e-310	7.58274e-312
26.61	6.96926e-310	7.58274e-312
26.62	6.96926e-310	7.58274e-312
26.63	6.96926e-310	7.58274e-312
26.64	6.96926e-310	7.58274e-312
26.65	6.96926e-310	7.58274e-312
26.66	6.96926e-310	7.58274e-312
26.67	6.96926e-310	7.58274e-312
26.68	6.96926e-310	7.58274e-312
26.69	6.96926e-310	7.58274e-312
26.7	6.96926e-310	7.58274e-312
26.71	6.96926e-310	7.58274e-312
26.72	6.96926e-310	7.58274e-312
26.73	6.96926e-310	7.58274e-312
26.74	6.96926e-310	7.58274e-312
26.75	6.96926e-310	7.58274e-312
26.76	6.96926e-310	7.58274e-312
26.77	6.96926e-310	7.58274e-312
26.78	6.96926e-310	7.58274e-312
26.79	6.96926e-310	7.58274e-312
26.8	6.96926e-310	7.58274e-312
26.81	6.96926e-310	7.58274e-312
26.82	6.96926e-310	7.58274e-312
26.83	6.96926e-310	7.58274e-312
26.84	6.96926e-310	7.58274e-312
26.85	6.96926e-310	7.58274e-312
26.86	6.96926e-310	7.58274e-312
26.87	6.96926e-310	7.58274e-312
26.88	6.96926e-310	7.58274e-312
26.89	6.96926e-310	7.58274e-312
26.9	6.96926e-310	7.58274e-312
26.91	6.96926e-310	7.58274e-312
26.92	6.96926e-310	7.58274e-312
26.93	6.96926e-310	7.58274e-312
26.94	6.96926e-310	7.58274e-312
26.95	6.96926e-310	7.58274e-312
26.96	6.96926e-310	7.58274e-312
26.97	6.96926e-310	7.58274e-312
26.98	6.96926e-310	7.58274e-312
26.99	6.96926e-310	7.58274e-312
27	6.96926e-310	7.58274e-312
27.01	6.96926e-310	7.58274e-312
27.02	6.96926e-310	7.58274e-312
27.03	6.96926e-310	7.58274e-312
27.04	6.96926e-310	7.58274e-312
27.05	6.96926e-310	7.58274e-312
27.06	6.96926e-310	7.58274e-312
27.07	6.96926e-310	7.58274e-312
27.08	6.96926e-310	7.58274e-312
27.09	6.96926e-310	7.58274e-312
27.1	6.96926e-310	7.58274e-312
27.11	6.96926e-310	7.58274e-312
27.12	6.96926e-310	7.58274e-312
27.13	6.96926e-310	7.58274e-312
27.14	6.96926e-310	7.58274e-312
27.15	6.96926e-310	7.58274e-312
27.16	6.96926e-310	7.58274e-312
27.17	6.96926e-310	7.58274e-312
27.18	6.96926e-310	7.58274e-312
27.19	6.96926e-310	7.58274e-312
27.2	6.96926e-310	7.58274e-312
27.21	6.96926e-310	7.58274e-312
27.22	6.96926e-310	7.58274e-312
27.23	6.96926e-310	7.58274e-312
27.24	6.96926e-310	7.58274e-312
27.25	6.96926e-310	7.58274e-312
27.26	6.96926e-310	7.58274e-312
27.27	6.96926e-310	7.58274e-312
27.28	6.96926e-310	7.58274e-312
27.29	6.96926e-310	7.58274e-312
27.3	6.96926e-310	7.58274e-312
27.31	6.96926e-310	7.58274e-312
27.32	6.96926e-310	7.58274e-312
27.33	6.96926e-310	7.58274e-312
27.34	6.96926e-310	7.58274e-312
27.35	6.96926e-310	7.58274e-312
27.36	6.96926e-310	7.58274e-312
27.37	6.96926e-310	7.58274e-312
27.38	6.96926e-310	7.58274e-312
27.39	6.96926e-310	7.58274e-312
27.4	6.96926e-310	7.58274e-312
27.41	6.96926e-310	7.58274e-312
27.42	6.96926e-310	7.58274e-312
27.43	6.96926e-310	7.58274e-312
27.44	6.96926e-310	7.58274e-312
27.45	6.96926e-310	7.58274e-312
27.46	6.96926e-310	7.58274e-312
27.47	6.96926e-310	7.58274e-312
27.48	6.96926e-310	7.58274e-312
27.49	6.96926e-310	7.58274e-312
27.5	6.96926e-310	7.58274e-312
27.51	6.96926e-310	7.58274e-312
27.52	6.96926e-310	7.58274e-312
27.53	6.96926e-310	7.58274e-312
27.54	6.96926e-310	7.58274e-312
27.55	6.96926e-310	7.58274e-312
27.56	6.96926e-310	7.58274e-312
27.57	6.96926e-310	7.58274e-312
27.58	6.96926e-310	7.58274e-312
27.59	6.96926e-310	7.58274e-312
27.6	6.96926e-310	7.58274e-312
27.61	6.96926e-310	7.58274e-312
27.62	6.96926e-310	7.58274e-312
27.63	6.96926e-310	7.58274e-312
27.64	6.96926e-310	7.58274e-312
27.65	6.96926e-310	7.58274e-312
27.66	6.96926e-310	7.58274e-312
27.67	6.96926e-310	7.58274e-312
27.68	6.96926e-310	7.58274e-312
27.69	6.96926e-310	7.58274e-312
27.7	6.96926e-310	7.58274e-312
27.71	6.96926e-310	7.58274e-312
27.72	6.96926e-310	7.58274e-312
27.73	6.96926e-310	7.58274e-312
27.74	6.96926e-310	7.58274e-312
27.75	6.96926e-310	7.58274e-312
27.76	6.96926e-310	7.58274e-312
27.77	6.96926e-310	7.58274e-312
27.78	6.96926e-310	7.58274e-312
27.79	6.96926e-310	7.58274e-312
27.8	6.96926e-310	7.58274e-312
27.81	6.96926e-310	7.58274e-312
27.82	6.96926e-310	7.58274e-312
27.83	6.96926e-310	7.58274e-312
27.84	6.96926e-310	7.58274e-312
27.85	6.96926e-310	7.58274e-312
27.86	6.96926e-310	7.58274e-312
27.87	6.96926e-310	7.58274e-312
27.88	6.96926e-310	7.58274e-312
27.89	6.96926e-310	7.58274e-312
27.9	6.96926e-310	7.58274e-312
27.91	6.96926e-310	7.58274e-312
27.92	6.96926e-310	7.58274e-312
27.93	6.96926e-310	7.58274e-312
27.94	6.96926e-310	7.58274e-312
27.95	6.96926e-310	7.58274e-312
27.96	6.96926e-310	7.58274e-312
27.97	6.96926e-310	7.58274e-312
27.98	6.96926e-310	7.58274e-312
27.99	6.96926e-310	7.58274e-312
28	6.96926e-310	7.58274e-312
28.01	6.96926e-310	7.58274e-312
28.02	6.96926e-310	7.58274e-312
28.03	6.96926e-310	7.58274e-312
28.04	6.96926e-310	7.58274e-312
28.05	6.96926e-310	7.58274e-312
28.06	6.96926e-310	7.58274e-312
28.07	6.96926e-310	7.58274e-312
28.08	6.96926e-310	7.58274e-312
28.09	6.96926e-310	7.58274e-312
28.1	6.96926e-310	7.58274e-312
28.11	6.96926e-310	7.58274e-312
28.12	6.96926e-310	7.58274e-312
28.13	6.96926e-310	7.58274e-312
28.14	6.96926e-310	7.58274e-312
28.15	6.96926e-310	7.58274e-312
28.16	6.96926e-310	7.58274e-312
28.17	6.96926e-310	7.58274e-312
28.18	6.96926e-310	7.58274e-312
28.19	6.96926e-310	7.58274e-312
28.2	6.96926e-310	7.58274e-312
28.21	6.96926e-310	7.58274e-312
28.22	6.96926e-310	7.58274e-312
28.23	6.96926e-310	7.58274e-312
28.24	6.96926e-310	7.58274e-312
28.25	6.96926e-310	7.58274e-312
28.26	6.96926e-310	7.58274e-312
28.27	6.96926e-310	7.58274e-312
28.28	6.96926e-310	7.58274e-312
28.29	6.96926e-310	7.58274e-312
28.3	6.96926e-310	7.58274e-312
28.31	6.96926e-310	7.58274e-312
28.32	6.96926e-310	7.58274e-312
28.33	6.96926e-310	7.58274e-312
28.34	6.96926e-310	7.58274e-312
28.35	6.96926e-310	7.58274e-312
28.36	6.96926e-310	7.58274e-312
28.37	6.96926e-310	7.58274e-312
28.38	6.96926e-310	7.58274e-312
28.39	6.96926e-310	7.58274e-312
28.4	6.96926e-310	7.58274e-312
28.41	6.96926e-310	7.58274e-312
28.42	6.96926e-310	7.58274e-312
28.43	6.96926e-310	7.58274e-312
28.44	6.96926e-310	7.58274e-312
28.45	6.96926e-310	7.58274e-312
28.46	6.96926e-310	7.58274e-312
28.47	6.96926e-310	7.58274e-312
28.48	6.96926e-310	7.58274e-312
28.49	6.96926e-310	7.58274e-312
28.5	6.96926e-310	7.58274e-312
28.51	6.96926e-310	7.58274e-312
28.52	6.96926e-310	7.58274e-312
28.53	6.96926e-310	7.58274e-312
28.54	6.96926e-310	7.58274e-312
28.55	6.96926e-310	7.58274e-312
28.56	6.96926e-310	7.58274e-312
28.57	6.96926e-310	7.58274e-312
28.58	6.96926e-310	7.58274e-312
28.59	6.96926e-310	7.58274e-312
28.6	6.96926e-310	7.58274e-312
28.61	6.96926e-310	7.58274e-312
28.62	6.96926e-310	7.58274e-312
28.63	6.96926e-310	7.58274e-312
28.64	6.96926e-310	7.58274e-312
28.65	6.96926e-310	7.58274e-312
28.66	6.96926e-310	7.58274e-312
28.67	6.96926e-310	7.58274e-312
28.68	6.96926e-310	7.58274e-312
28.69	6.96926e-310	7.58274e-312
28.7	6.96926e-310	7.58274e-312
28.71	6.96926e-310	7.58274e-312
28.72	6.96926e-310	7.58274e-312
28.73	6.96926e-310	7.58274e-312
28.74	6.96926e-310	7.58274e-312
28.75	6.96926e-310	7.58274e-312
28.76	6.96926e-310	7.58274e-312
28.77	6.96926e-310	7.58274e-312
28.78	6.96926e-310	7.58274e-312
28.79	6.96926e-310	7.58274e-312
28.8	6.96926e-310	7.58274e-312
28.81	6.96926e-310	7.58274e-312
28.82	6.96926e-310	7.58274e-312
28.83	6.96926e-310	7.58274e-312
28.84	6.96926e-310	7.58274e-312
28.85	6.96926e-310	7.58274e-312
28.86	6.96926e-310	7.58274e-312
28.87	6.96926e-310	7.58274e-312
28.88	6.96926e-310	7.58274e-312
28.89	6.96926e-310	7.58274e-312
28.9	6.96926e-310	7.58274e-312
28.91	6.96926e-310	7.58274e-312
28.92	6.96926e-310	7.58274e-312
28.93	6.96926e-310	7.58274e-312
28.94	6.96926e-310	7.58274e-312
28.95	6.96926e-310	7.58274e-312
28.96	6.96926e-310	7.58274e-312
28.97	6.96926e-310	7.58274e-312
28.98	6.96926e-310	7.58274e-312
28.99	6.96926e-310	7.58274e-312
29	6.96926e-310	7.58274e-312
29.01	6.96926e-310	7.58274e-312
29.02	6.96926e-310	7.58274e-312
29.03	6.96926e-310	7.58274e-312
29.04	6.96926e-310	7.58274e-312
29.05	6.96926e-310	7.58274e-312
29.06	6.96926e-310	7.58274e-312
29.07	6.96926e-310	7.58274e-312
29.08	6.96926e-310	7.58274e-312
29.09	6.96926e-310	7.58274e-312
29.1	6.96926e-310	7.58274e-312
29.11	6.96926e-310	7.58274e-312
29.12	6.96926e-310	7.58274e-312
29.13	6.96926e-310	7.58274e-312
29.14	6.96926e-310	7.58274e-312
29.15	6.96926e-310	7.58274e-312
29.16	6.96926e-310	7.58274e-312
29.17	6.96926e-310	7.58274e-312
29.18	6.96926e-310	7.58274e-312
29.19	6.96926e-310	7.58274e-312
29.2	6.96926e-310	7.58274e-312
29.21	6.96926e-310	7.58274e-312
29.22	6.96926e-310	7.58274e-312
29.23	6.96926e-310	7.58274e-312
29.24	6.96926e-310	7.58274e-312
29.25	6.96926e-310	7.58274e-312
29.26	6.96926e-310	7.58274e-312
29.27	6.96926e-310	7.58274e-312
29.28	6.96926e-310	7.58274e-312
29.29	6.96926e-310	7.58274e-312
29.3	6.96926e-310	7.58274e-312
29.31	6.96926e-310	7.58274e-312
29.32	6.96926e-310	7.58274e-312
29.33	6.96926e-310	7.58274e-312
29.34	6.96926e-310	7.58274e-312
29.35	6.96926e-310	7.58274e-312
29.36	6.96926e-310	7.58274e-312
29.37	6.96926e-310	7.58274e-312
29.38	6.96926e-310	7.58274e-312
29.39	6.96926e-310	7.58274e-312
29.4	6.96926e-310	7.58274e-312
29.41	6.96926e-310	7.58274e-312
29.42	6.96926e-310	7.58274e-312
29.43	6.96926e-310	7.58274e-312
29.44	6.96926e-310	7.58274e-312
29.45	6.96926e-310	7.58274e-312
29.46	6.96926e-310	7.58274e-312
29.47	6.96926e-310	7.58274e-312
29.48	6.96926e-310	7.58274e-312
29.49	6.96926e-310	7.58274e-312
29.5	6.96926e-310	7.58274e-312
29.51	6.96926e-310	7.58274e-312
29.52	6.96926e-310	7.58274e-312
29.53	6.96926e-310	7.58274e-312
29.54	6.96926e-310	7.58274e-312
29.55	6.96926e-310	7.58274e-312
29.56	6.96926e-310	7.58274e-312
29.57	6.96926e-310	7.58274e-312
29.58	6.96926e-310	7.58274e-312
29.59	6.96926e-310	7.58274e-312
29.6	6.96926e-310	7.58274e-312
29.61	6.96926e-310	7.58274e-312
29.62	6.96926e-310	7.58274e-312
29.63	6.96926e-310	7.58274e-312
29.64	6.96926e-310	7.58274e-312
29.65	6.96926e-310	7.58274e-312
29.66	6.96926e-310	7.58274e-312
29.67	6.96926e-310	7.58274e-312
29.68	6.96926e-310	7.58274e-312
29.69	6.96926e-310	7.58274e-312
29.7	6.96926e-310	7.58274e-312
29.71	6.96926e-310	7.58274e-312
29.72	6.96926e-310	7.58274e-312
29.73	6.96926e-310	7.58274e-312
29.74	6.96926e-310	7.58274e-312
29.75	6.96926e-310	7.58274e-312
29.76	6.96926e-310	7.58274e-312
29.77	6.96926e-310	7.58274e-312
29.78	6.96926e-310	7.58274e-312
29.79	6.96926e-310	7.58274e-312
29.8	6.96926e-310	7.58274e-312
29.81	6.96926e-310	7.58274e-312
29.82	6.96926e-310	7.58274e-312
29.83	6.96926e-310	7.58274e-312
29.84	6.96926e-310	7.58274e-312
29.85	6.96926e-310	7.58274e-312
29.86	6.96926e-310	7.58274e-312
29.87	6.96926e-310	7.58274e-312
29.88	6.96926e-310	7.58274e-312
29.89	6.96926e-310	7.58274e-312
29.9	6.96926e-310	7.58274e-312
29.91	6.96926e-310	7.58274e-312
29.92	6.96926e-310	7.58274e-312
29.93	6.96926e-310	7.58274e-312
29.94	6.96926e-310	7.58274e-312
29.95	6.96926e-310	7.58274e-312
29.96	6.96926e-310	7.58274e-312
29.97	6.96926e-310	7.58274e-312
29.98	6.96926e-310	7.58274e-312
29.99	6.96926e-310	7.58274e-312
